Sample	Sample.Type	Study	Population	Year	Reliability	QI	Sex	F115	F53	Fca001	Fca123	Fca132	Fca161	Fca201	Fca247	Fca293	Fca369	Fca391	Fca424	Fca559	Fca567	Fca650	Fca723	Fca742	Fca82	HDZ700	Lc106
R04	Paw	Slovenija	Dinaric	1984	0.99	0.81	F	234 234	175 175	179 179	138 138	171 177	178 182	133 135	147 149	176 176	162 162	224 236	172 176	118 118	088 090	133 133	197 197	105 121	243 245	147 147	100 106
LS22	Paw	Hrvaška	Dinaric	1984	0.99	0.78	F	230 230	175 175	179 179	138 144	171 177	182 182	133 133	147 147	176 176	162 166	NA	172 176	118 122	088 090	133 133	197 197	105 105	243 243	143 147	106 106
LS88	Paw	Hrvaška	Dinaric	1984	0.95	0.84	M	230 230	167 175	179 179	138 144	171 177	178 182	135 135	147 149	174 176	162 166	236 236	172 172	122 122	088 088	133 133	197 197	109 125	233 245	143 147	106 106
R31	Paw	Slovenija	Dinaric	1985	1	0.84	M	230 230	167 175	179 179	142 142	171 171	178 178	133 135	143 143	176 176	166 166	224 236	172 176	122 122	088 088	127 133	197 197	121 125	NA	143 149	090 106
R20	Paw	Slovenija	Dinaric	1985	1	0.77	F	222 230	175 175	179 179	144 144	171 177	178 182	133 133	143 149	174 176	162 166	224 224	172 172	122 122	088 090	133 133	197 197	121 125	243 245	149 149	090 090
S35	Bone	Hrvaška	Dinaric	1985	0.99	0.62	M	230 234	NA	179 179	144 144	171 171	178 182	133 133	143 149	176 176	166 166	NA	NA	122 122	088 090	133 133	NA	121 121	NA	147 147	NA
R16	Paw	Slovenija	Dinaric	1986	1	0.73	F	230 230	167 167	179 179	138 142	171 177	178 178	133 135	143 149	174 174	162 166	236 236	172 172	118 122	090 090	133 133	197 197	105 109	243 245	147 149	106 106
R08	Paw	Slovenija	Dinaric	1987	0.99	0.8	M	230 230	171 175	179 179	138 138	171 171	178 182	133 147	143 147	174 176	166 166	224 224	172 176	118 118	088 088	133 133	197 197	109 121	243 243	147 147	100 106
LS94	Paw	Hrvaška	Dinaric	1987	0.97	0.71	M	NA	175 175	179 179	138 142	177 177	182 182	133 135	143 149	174 176	162 162	236 236	172 176	118 122	088 088	127 127	197 197	109 121	233 243	143 149	090 100
LS89	Paw	Hrvaška	Dinaric	1987	0.99	0.51	F	NA	167 167	179 179	138 142	171 171	178 178	133 139	143 143	NA	162 166	NA	NA	118 122	088 090	127 127	197 197	109 121	NA	147 149	090 106
R42	Paw	Slovenija	Dinaric	1987	0.99	0.87	M	230 230	175 175	179 179	138 142	171 171	182 182	133 147	149 149	174 174	166 166	224 236	172 176	122 122	088 090	133 133	197 197	109 109	233 243	143 147	090 106
LS23	Paw	Hrvaška	Dinaric	1988	1	0.7	M	230 230	175 175	179 179	138 144	171 171	178 178	133 133	143 147	174 176	166 166	224 224	176 176	118 122	088 088	133 133	197 197	109 109	NA	147 147	100 100
LS67	Paw	Hrvaška	Dinaric	1988	1	0.86	F	230 234	175 175	179 179	142 142	171 177	178 178	135 135	143 143	174 176	162 166	236 236	172 176	122 122	090 090	127 133	197 197	105 105	243 245	143 147	100 106
R32	Paw	Slovenija	Dinaric	1988	1	0.61	M	230 234	175 175	179 179	142 144	171 171	178 182	133 135	143 147	174 176	166 166	NA	172 172	122 122	088 088	127 133	197 197	121 125	NA	143 143	100 106
LS69	Paw	Hrvaška	Dinaric	1988	0.95	0.82	M	230 234	167 175	179 179	142 142	171 177	178 178	139 139	147 149	174 174	162 166	236 236	172 176	122 122	090 090	127 133	193 197	121 121	243 243	147 149	106 106
R43	Paw	Slovenija	Dinaric	1988	1	0.94	M	222 230	167 175	179 179	142 144	171 177	178 178	133 135	143 143	174 174	166 170	224 236	172 176	122 122	088 090	127 133	197 197	109 121	245 245	147 149	106 106
LS68	Paw	Hrvaška	Dinaric	1988	1	0.89	F	222 230	175 175	179 179	138 142	171 177	178 182	133 147	143 147	176 176	162 166	236 236	172 172	114 122	088 088	127 133	197 197	109 125	233 243	143 143	090 106
R38	Paw	Slovenija	Dinaric	1988	0.95	0.76	M	230 230	167 175	179 189	142 142	177 177	178 188	133 147	143 147	174 174	162 170	236 236	172 176	122 122	088 090	127 133	197 197	109 109	245 245	147 147	090 106
S45	Bone	Hrvaška	Dinaric	1988	0.95	0.55	M	230 230	175 175	179 179	142 144	171 177	182 182	133 139	143 149	176 176	166 170	224 236	NA	114 122	090 090	133 133	197 197	121 125	243 243	147 147	NA
R34	Paw	Slovenija	Dinaric	1989	1	0.85	M	230 230	175 175	179 179	138 142	171 171	178 182	133 133	149 149	176 176	166 166	224 236	172 172	122 122	090 090	133 133	193 197	121 125	243 243	143 143	100 106
LS92	Paw	Hrvaška	Dinaric	1989	1	0.78	M	230 234	175 175	179 179	142 142	171 171	182 182	133 147	149 149	174 176	166 166	224 236	176 176	122 122	090 090	133 133	197 197	109 121	243 243	143 147	106 106
R11	Paw	Slovenija	Dinaric	1989	1	0.77	M	230 230	175 175	179 179	138 144	171 177	182 182	133 133	147 149	174 176	162 166	224 236	172 176	122 122	090 090	133 133	197 197	109 125	243 243	143 143	106 106
R47	Paw	Slovenija	Dinaric	1989	0.97	0.73	M	230 230	175 175	179 179	144 144	171 177	178 178	133 133	143 149	174 176	166 166	236 236	172 176	122 122	090 090	127 133	197 197	121 125	243 243	143 147	090 106
R41	Paw	Slovenija	Dinaric	1990	1	0.8	M	230 234	175 175	179 189	138 144	171 177	178 182	133 133	149 149	176 176	166 170	224 236	172 176	118 122	090 090	133 133	197 197	109 109	243 243	143 143	100 106
S36	Bone	Hrvaška	Dinaric	1990	1	0.89	M	230 234	167 175	179 179	138 138	171 177	178 182	133 135	143 149	174 176	162 166	224 236	172 172	114 118	090 090	127 133	197 197	105 121	NA	149 149	100 106
LS86	Paw	Hrvaška	Dinaric	1990	1	0.61	M	230 234	175 175	189 189	138 142	171 171	182 188	133 133	147 149	174 176	166 166	224 236	176 176	110 118	088 090	133 133	197 197	109 125	245 245	143 147	106 106
R39	Paw	Slovenija	Dinaric	1990	1	0.86	M	230 230	175 175	179 179	138 144	171 177	178 178	133 133	147 147	174 176	162 166	236 236	172 172	122 122	090 090	133 133	197 197	109 125	243 243	143 147	106 106
R15	Paw	Slovenija	Dinaric	1990	1	0.8	F	222 230	167 175	179 179	142 142	171 177	182 188	133 139	143 149	174 176	162 166	224 236	176 176	114 122	090 090	127 133	197 197	105 109	243 245	147 149	090 106
R18	Paw	Slovenija	Dinaric	1990	0.99	0.93	M	222 230	167 167	179 179	142 142	177 177	182 188	133 135	143 149	176 176	162 162	224 236	176 176	122 122	090 090	127 127	197 197	105 109	245 245	149 149	090 106
LS11	Paw	Hrvaška	Dinaric	1991	0.99	0.42	F	222 230	175 175	NA	138 138	NA	182 182	135 139	149 149	176 176	NA	NA	NA	122 122	090 090	133 133	197 197	105 125	NA	147 149	100 106
R14	Paw	Slovenija	Dinaric	1991	1	0.96	M	222 230	167 175	179 179	142 142	171 177	178 182	135 139	149 149	174 176	162 166	224 236	172 176	122 122	090 090	127 133	197 197	105 109	245 245	149 149	100 106
R30	Paw	Slovenija	Dinaric	1991	0.99	0.78	M	230 230	167 175	179 179	142 144	171 171	178 178	133 135	143 149	174 176	166 166	224 236	172 176	114 118	088 090	127 133	197 197	109 121	245 245	143 149	100 106
R40	Paw	Slovenija	Dinaric	1991	0.99	0.98	M	230 230	175 175	179 179	142 142	171 171	178 178	133 147	149 149	174 176	166 166	224 236	172 176	114 118	090 090	133 133	197 197	109 121	233 243	143 147	100 106
LS167	Paw	Hrvaška	Dinaric	1992	1	0.67	M	230 230	167 175	179 179	138 142	177 177	178 178	135 147	143 149	176 176	162 162	236 236	172 176	114 118	088 088	127 133	197 197	109 109	233 233	147 149	100 106
S57	Bone	Hrvaška	Dinaric	1992	0.99	0.92	F	230 234	175 175	179 179	138 138	171 177	178 188	139 147	143 143	174 174	162 166	224 236	172 176	110 122	088 090	133 133	197 197	125 125	233 233	143 143	090 100
LS48	Paw	Hrvaška	Dinaric	1992	1	0.65	F	230 234	175 179	179 179	138 138	171 177	182 188	133 139	143 149	174 176	162 166	224 236	172 176	118 122	090 090	133 133	197 197	105 125	243 245	143 143	090 106
LS05	Paw	Hrvaška	Dinaric	1993	1	0.7	M	234 234	175 175	179 189	138 142	171 177	178 188	133 135	147 149	174 174	162 166	224 236	172 172	118 122	090 090	133 133	197 197	105 121	243 243	143 143	100 106
R28	Paw	Slovenija	Dinaric	1993	1	0.76	M	230 230	167 175	179 179	138 142	171 171	178 178	135 139	143 143	174 176	166 166	224 236	172 176	122 122	088 090	133 133	197 197	109 121	243 243	149 149	090 106
R33	Paw	Slovenija	Dinaric	1993	1	0.92	M	230 230	175 175	179 179	142 144	171 177	178 178	133 133	147 149	176 176	162 166	236 236	172 176	122 122	090 090	133 133	197 197	109 125	243 243	143 143	090 106
S06	Bone	Hrvaška	Dinaric	1994	0.98	0.59	M	NA	167 175	189 189	138 142	171 171	178 178	133 135	143 149	174 174	166 166	NA	NA	122 122	088 090	133 133	197 197	105 125	NA	147 147	100 106
S26	Bone	Hrvaška	Dinaric	1994	1	0.46	M	NA	167 175	179 179	142 144	171 171	178 182	133 139	143 149	174 176	162 166	NA	176 176	NA	088 088	127 133	187 197	109 121	NA	143 147	100 106
S58	Bone	Hrvaška	Dinaric	1994	1	0.76	F	230 234	175 175	179 179	138 142	NA	178 182	135 139	147 149	176 176	162 166	NA	NA	118 122	088 090	127 133	197 197	121 125	NA	143 147	106 106
S62	Bone	Hrvaška	Dinaric	1995	0.99	0.88	M	234 234	175 179	179 179	142 144	171 171	178 182	135 135	143 149	176 176	166 166	236 236	NA	122 122	090 090	133 133	197 197	105 125	243 243	143 143	100 106
LS166	Paw	Hrvaška	Dinaric	1995	1	0.82	M	230 234	167 175	179 179	138 142	177 177	178 182	135 139	143 149	174 176	162 162	236 236	172 172	114 122	088 090	133 133	197 197	109 125	233 245	143 149	106 106
LS72	Paw	Hrvaška	Dinaric	1995	0.97	0.87	M	230 238	175 175	179 189	142 142	171 171	178 182	133 135	147 149	174 176	166 166	224 236	172 172	118 118	090 090	133 133	197 197	105 121	243 245	143 147	106 106
R12	Paw	Slovenija	Dinaric	1996	1	0.72	F	230 234	175 175	179 179	142 144	171 177	178 178	133 133	149 149	176 176	162 166	236 236	172 176	122 122	088 090	127 133	193 197	113 121	233 243	143 143	100 100
R36	Paw	Slovenija	Dinaric	1997	0.99	0.95	M	230 230	175 175	179 189	142 142	171 171	178 178	133 133	149 149	176 176	166 166	236 236	172 176	114 118	090 090	133 133	197 197	109 109	243 243	147 147	100 106
LCRO1	Tissue	Hrvaška	Dinaric	1997	0.99	0.81	M	230 230	175 175	177 179	138 144	171 171	182 182	135 147	147 149	176 176	166 166	236 236	172 172	118 122	090 090	133 133	197 197	125 125	243 243	143 143	090 100
LCRO4	Tissue	Hrvaška	Dinaric	1998	0.99	0.9	F	230 234	175 175	179 189	138 142	171 177	178 182	147 147	147 149	174 176	162 166	236 236	172 176	122 122	088 090	127 133	197 197	109 125	243 243	143 149	100 106
LS10	Paw	Hrvaška	Dinaric	1998	1	0.81	M	234 234	175 175	179 189	142 142	171 177	182 182	139 147	143 147	176 176	162 166	236 236	172 176	110 118	088 090	133 133	197 197	109 125	243 243	147 147	100 106
LCRO2	Tissue	Hrvaška	Dinaric	1998	0.99	0.94	F	230 230	167 175	179 189	142 144	171 177	178 178	135 147	143 149	174 176	162 166	236 236	172 172	118 118	090 090	133 133	197 197	105 121	243 245	147 149	106 106
LCRO3	Tissue	Hrvaška	Dinaric	1998	0.99	0.95	M	230 234	167 175	179 179	138 142	171 171	182 182	133 135	143 149	174 176	166 166	224 236	172 176	118 122	088 090	133 133	197 197	125 125	243 243	143 149	106 106
BiH01	Tissue	BiH	Dinaric	1999	1	0.95	F	230 234	167 175	179 179	138 142	171 177	178 178	133 139	143 149	176 176	162 166	236 236	172 176	122 122	088 090	133 133	197 201	109 125	243 243	143 147	100 106
R13	Paw	Slovenija	Dinaric	1999	1	0.77	M	230 234	175 175	179 179	142 142	177 177	178 178	133 135	149 149	176 176	162 170	236 236	172 176	118 122	090 090	127 133	197 197	109 121	243 243	147 149	100 106
R09	Paw	Slovenija	Dinaric	1999	0.98	0.91	F	230 230	175 179	179 179	138 142	171 171	178 178	133 135	147 149	176 176	166 166	224 236	172 176	118 118	088 088	127 133	197 197	109 109	243 243	143 147	090 106
039Y	Tissue	Slovenija	Dinaric	2000	1	0.95	M	230 230	175 175	179 179	138 142	171 171	178 178	133 135	147 149	176 176	166 166	224 236	172 172	118 118	088 088	133 133	197 197	109 125	243 243	143 147	100 106
086Y	Paw	Slovenija	Dinaric	2001	1	0.78	F	230 230	175 175	179 179	142 142	171 171	178 178	133 133	147 149	176 176	166 166	224 236	172 172	118 122	088 090	127 133	197 197	125 125	233 243	143 147	100 106
L01	Blood	Hrvaška	Dinaric	2001	0.98	0.95	M	230 234	175 175	179 179	142 142	171 177	178 178	133 147	147 149	174 176	162 166	224 224	172 176	118 126	088 090	127 133	197 197	125 125	233 245	147 147	100 106
R19	Tissue	Slovenija	Dinaric	2001	1	0.83	M	230 230	175 175	179 179	142 142	171 171	178 178	133 147	147 149	174 176	166 166	236 236	172 172	122 122	090 090	133 133	197 197	125 125	243 243	143 149	100 106
R44	Paw	Slovenija	Dinaric	2001	0.99	0.86	M	230 230	175 175	179 179	142 144	171 171	178 178	133 147	149 149	174 174	166 166	236 236	172 172	114 122	090 090	133 133	197 197	121 125	233 243	147 147	106 106
037Y	Tissue	Slovenija	Dinaric	2002	1	0.95	M	230 230	167 175	179 179	138 144	171 177	178 178	139 147	149 149	174 174	162 166	236 236	172 172	118 122	090 090	133 133	197 197	109 125	243 245	147 147	100 106
BIH2	Blood	BiH	Dinaric	2003	0.99	0.77	F	234 234	175 175	179 179	138 142	171 171	182 182	135 135	147 147	NA	166 166	236 236	172 176	118 122	090 090	133 133	197 197	105 105	243 245	147 147	100 100
R48	Tissue	Slovenija	Dinaric	2003	1	0.95	M	230 230	167 175	179 179	142 144	171 177	178 178	135 139	143 149	174 176	162 166	224 236	172 176	118 122	090 090	127 133	197 197	105 109	243 245	147 147	100 106
EJE	Scat	Slovenija	Dinaric	2004	0.99	1	M	234 234	175 175	179 179	142 142	171 171	178 178	135 139	143 147	174 176	166 166	236 236	172 172	114 122	088 090	127 133	193 197	121 125	233 243	143 149	100 106
LCRO5	Tissue	Hrvaška	Dinaric	2004	1	0.92	M	222 230	175 179	179 179	138 144	171 171	178 178	133 139	147 149	174 174	166 166	224 224	172 176	118 122	088 088	127 133	197 197	105 121	243 243	143 143	090 106
436Y	Blood	Slovenija	Dinaric	2005	0.99	0.95	M	230 230	175 175	179 179	138 142	171 177	178 178	139 147	149 149	174 174	166 170	236 236	172 176	114 118	090 090	133 133	197 197	109 125	243 245	147 147	100 106
592Y	Blood	Slovenija	Dinaric	2005	1	0.89	M	230 234	175 175	179 179	142 144	171 177	178 178	133 147	147 149	176 176	162 166	224 236	172 172	122 122	090 090	133 133	197 197	125 125	243 243	147 149	100 106
Ana	Tissue	Hrvaška	Dinaric	2005	0.98	0.73	F	230 230	167 175	179 179	142 142	171 177	178 178	135 139	147 147	174 174	162 166	236 236	172 172	118 118	090 090	127 133	197 197	121 125	243 243	147 147	100 106
Ivan	Tissue	Hrvaška	Dinaric	2005	0.99	0.77	M	230 234	167 175	179 179	142 142	171 171	178 178	135 139	147 147	174 174	166 166	236 236	176 176	122 122	088 090	127 133	197 197	109 121	233 243	147 147	100 106
LCRO6	Tissue	Hrvaška	Dinaric	2005	0.99	0.57	M	222 234	167 175	179 179	142 142	171 177	178 182	133 133	143 149	174 176	166 170	224 236	176 176	118 122	088 090	127 127	197 197	109 125	233 243	147 147	100 106
H004	Hair	Slovenija	Dinaric	2006	0.99	0.95	M	230 234	175 175	179 179	142 142	171 171	178 182	133 139	147 149	176 176	166 166	224 236	172 176	118 122	088 090	133 133	197 197	109 125	233 243	143 143	100 106
L03	Blood	Hrvaška	Dinaric	2006	0.99	0.94	M	230 234	175 175	179 179	142 142	171 177	178 178	147 147	143 147	176 176	162 166	236 236	172 176	122 122	088 090	127 133	197 197	109 125	243 243	147 149	106 106
435Y	Blood	Slovenija	Dinaric	2006	1	0.95	F	230 234	167 175	179 189	142 142	171 177	182 182	135 147	143 143	176 176	162 166	236 236	176 176	118 118	090 090	133 133	197 197	105 125	245 245	147 147	090 100
LO5	Blood	Hrvaška	Dinaric	2007	0.99	0.92	F	222 230	175 175	179 179	138 142	171 177	178 182	133 133	147 149	174 174	166 170	224 236	172 176	118 122	088 088	133 133	197 197	109 125	233 243	143 147	100 106
H002	Hair	Slovenija	Dinaric	2007	1	0.93	F	230 234	167 175	179 179	142 142	171 177	178 182	133 135	143 147	176 176	162 166	224 236	172 176	118 122	088 090	133 133	197 197	109 125	233 245	143 147	090 106
594Y	Blood	Slovenija	Dinaric	2008	0.99	0.94	F	230 230	175 175	179 179	142 142	171 171	178 178	133 135	147 149	176 176	166 166	224 236	172 172	118 122	090 090	133 133	197 197	125 125	243 243	149 149	100 106
600Y	Blood	Slovenija	Dinaric	2008	1	0.77	M	230 234	175 175	179 189	142 142	171 177	182 182	133 135	143 149	176 176	162 166	236 236	176 176	118 118	090 090	133 133	197 197	125 125	243 245	143 147	100 106
LO7	Blood	Hrvaška	Dinaric	2008	0.99	0.95	M	230 234	167 175	179 179	138 138	171 171	178 182	133 147	143 147	174 176	166 166	236 236	172 176	118 118	088 088	133 133	197 197	121 125	243 243	143 147	100 106
CC.0J3C	Hair	Slovenija	Dinaric	2008	1	1	M	230 230	175 175	179 179	142 142	171 171	178 178	133 139	149 149	176 176	166 166	224 224	172 172	122 122	090 090	133 133	197 197	109 125	243 243	143 149	100 106
CC.0J3E	Hair	Slovenija	Dinaric	2008	1	0.83	M	230 234	175 175	179 179	142 142	171 171	178 182	133 135	147 149	176 176	166 166	224 236	172 172	122 122	088 090	133 133	193 197	109 125	233 243	143 149	100 106
LCRO11	Tissue	Hrvaška	Dinaric	2009	0.99	0.92	F	222 230	175 175	179 179	142 142	171 171	178 182	135 147	143 147	174 174	166 166	236 236	172 172	118 122	088 090	127 133	197 197	109 125	233 243	147 147	100 106
LCRO9	Tissue	Hrvaška	Dinaric	2009	0.97	0.94	M	230 234	175 175	179 179	142 142	171 171	178 178	135 135	149 149	176 176	166 166	236 236	172 172	122 122	088 090	133 133	197 197	125 125	233 243	143 149	100 106
AJ.04LC	Blood	Slovenija	Dinaric	2010	0.99	1	M	230 234	175 175	179 179	138 142	171 171	178 178	133 135	147 149	176 176	166 166	224 236	172 176	118 122	090 090	133 133	197 197	125 125	243 243	147 149	100 106
CX.11H3	Scat	Slovenija	Dinaric	2010	1	1	M	230 234	175 175	179 179	138 142	171 177	178 178	135 147	147 149	176 176	162 166	236 236	172 176	118 122	090 090	127 133	197 197	109 125	243 243	147 147	100 106
LS70	Paw	Hrvaška	Dinaric	NA	0.99	0.68	F	230 230	167 175	179 179	138 144	171 177	178 178	133 135	143 149	174 176	162 166	224 236	176 176	110 122	088 090	133 133	197 197	109 125	243 245	143 147	100 106
LS81	Paw	Hrvaška	Dinaric	NA	0.98	0.87	F	230 234	175 175	179 179	138 142	171 177	178 178	135 135	143 149	174 174	162 166	236 236	176 176	118 122	090 090	127 133	197 197	105 125	245 245	143 147	106 106
LS82	Paw	Hrvaška	Dinaric	NA	1	0.75	M	222 230	167 175	179 179	142 142	171 177	178 182	133 135	143 147	174 174	166 166	224 236	172 176	122 122	088 090	133 133	197 197	109 109	233 243	143 147	106 106
Maja	Tissue	Slovenija	Dinaric	2012	1	1	F	230 234	175 175	179 179	142 142	171 171	178 178	133 133	147 149	174 176	166 166	224 236	172 172	118 122	88 90	133 133	197 197	109 109	233 243	143 143	104 104
