

----------------------------------------------------
STRUCTURE by Pritchard, Stephens and Donnelly (2000)
     and Falush, Stephens and Pritchard (2003)
       Code by Pritchard, Falush and Hubisz
             Version 2.3.4 (Jul 2012)
----------------------------------------------------



Command line arguments:   bin\structure -m C:\Users\Bing\Documents\R\VajeHibridiStruktura\BACKUP\VolkPesStructure_Hibridi\Paremetri1\mainparams -e C:\Users\Bing\Documents\R\VajeHibridiStruktura\BACKUP\VolkPesStructure_Hibridi\Paremetri1\extraparams 
Input File:    C:\Users\Bing\Documents\R\VajeHibridiStruktura\BACKUP\VolkPesStructure_Hibridi\project_data

Run parameters:
   353 individuals
   34 loci
   2 populations assumed
   10000 Burn-in period
   50000 Reps


--------------------------------------------
Proportion of membership of each pre-defined
 population in each of the 2 clusters

Given    Inferred Clusters       Number of
 Pop       1      2             Individuals

  1:     0.971  0.029             100
  2:     0.046  0.954              53
  3:     0.492  0.508              50
  4:     0.472  0.528              50
  5:     0.742  0.258              50
  6:     0.232  0.768              50
--------------------------------------------

Allele-freq. divergence among pops (Net nucleotide distance),
computed using point estimates of P.

      1       2      
 1      -    0.1402  
 2   0.1402     -    

Average distances (expected heterozygosity) between individuals in same cluster:
cluster  1  : 0.6932 
cluster  2  : 0.7225 

--------------------------------------------
Estimated Ln Prob of Data   = -39063.5
Mean value of ln likelihood = -38838.1
Variance of ln likelihood   = 450.6
Mean value of alpha         = 0.4304

Mean value of Fst_1         = 0.2117
Mean value of Fst_2         = 0.0934


Inferred ancestry of individuals:
        Label (%Miss) Pop:  Inferred clusters
  1      537    (0)    1 :  0.936 0.064 
  2      509    (0)    1 :  0.963 0.037 
  3      514   (14)    1 :  0.984 0.016 
  4      577    (8)    1 :  0.965 0.035 
  5      597    (8)    1 :  0.930 0.070 
  6      513    (2)    1 :  0.985 0.015 
  7      501    (0)    1 :  0.986 0.014 
  8      563    (0)    1 :  0.961 0.039 
  9      674    (0)    1 :  0.969 0.031 
 10      758    (0)    1 :  0.971 0.029 
 11      591    (0)    1 :  0.949 0.051 
 12      526    (0)    1 :  0.975 0.025 
 13      587    (0)    1 :  0.982 0.018 
 14      643    (0)    1 :  0.982 0.018 
 15      756    (0)    1 :  0.980 0.020 
 16      599    (0)    1 :  0.983 0.017 
 17      521    (0)    1 :  0.966 0.034 
 18      579    (0)    1 :  0.985 0.015 
 19      500    (0)    1 :  0.979 0.021 
 20      673    (0)    1 :  0.970 0.030 
 21      755    (0)    1 :  0.977 0.023 
 22      694    (0)    1 :  0.976 0.024 
 23      497    (0)    1 :  0.985 0.015 
 24      498    (0)    1 :  0.977 0.023 
 25      544    (0)    1 :  0.985 0.015 
 26      545    (0)    1 :  0.985 0.015 
 27      588    (0)    1 :  0.975 0.025 
 28      665    (0)    1 :  0.921 0.079 
 29      556    (0)    1 :  0.988 0.012 
 30      677    (0)    1 :  0.960 0.040 
 31      624    (0)    1 :  0.913 0.087 
 32      517    (8)    1 :  0.987 0.013 
 33      540    (0)    1 :  0.962 0.038 
 34      602    (0)    1 :  0.954 0.046 
 35      496    (0)    1 :  0.956 0.044 
 36      617    (0)    1 :  0.977 0.023 
 37      603    (0)    1 :  0.968 0.032 
 38      557    (0)    1 :  0.952 0.048 
 39      640    (0)    1 :  0.944 0.056 
 40      516    (0)    1 :  0.978 0.022 
 41      698    (0)    1 :  0.964 0.036 
 42      696    (0)    1 :  0.975 0.025 
 43      701    (0)    1 :  0.981 0.019 
 44      751    (0)    1 :  0.978 0.022 
 45      590    (0)    1 :  0.966 0.034 
 46      679    (0)    1 :  0.980 0.020 
 47      671    (0)    1 :  0.982 0.018 
 48      586    (0)    1 :  0.984 0.016 
 49      558    (0)    1 :  0.984 0.016 
 50      611    (0)    1 :  0.985 0.015 
 51      684    (0)    1 :  0.987 0.013 
 52      531    (0)    1 :  0.986 0.014 
 53      632    (0)    1 :  0.981 0.019 
 54      702    (0)    1 :  0.981 0.019 
 55      651    (0)    1 :  0.982 0.018 
 56      618    (0)    1 :  0.987 0.013 
 57      598    (0)    1 :  0.986 0.014 
 58      662    (0)    1 :  0.979 0.021 
 59      760    (0)    1 :  0.985 0.015 
 60      654    (0)    1 :  0.986 0.014 
 61      606    (0)    1 :  0.986 0.014 
 62      700    (0)    1 :  0.979 0.021 
 63      614    (0)    1 :  0.988 0.012 
 64      633    (0)    1 :  0.988 0.012 
 65      538    (0)    1 :  0.987 0.013 
 66      669    (0)    1 :  0.938 0.062 
 67      686    (0)    1 :  0.985 0.015 
 68      629    (0)    1 :  0.982 0.018 
 69      649    (0)    1 :  0.987 0.013 
 70      675    (0)    1 :  0.987 0.013 
 71      592    (0)    1 :  0.987 0.013 
 72      622    (0)    1 :  0.941 0.059 
 73      644    (0)    1 :  0.967 0.033 
 74      703    (0)    1 :  0.935 0.065 
 75      619    (0)    1 :  0.985 0.015 
 76      578    (8)    1 :  0.964 0.036 
 77      523    (5)    1 :  0.985 0.015 
 78      555    (5)    1 :  0.969 0.031 
 79      659    (0)    1 :  0.915 0.085 
 80      693    (0)    1 :  0.934 0.066 
 81      683    (0)    1 :  0.954 0.046 
 82      574    (0)    1 :  0.968 0.032 
 83      502    (0)    1 :  0.954 0.046 
 84      653    (0)    1 :  0.948 0.052 
 85      600    (0)    1 :  0.954 0.046 
 86      553    (0)    1 :  0.976 0.024 
 87      608    (0)    1 :  0.975 0.025 
 88      630    (0)    1 :  0.958 0.042 
 89      604    (0)    1 :  0.964 0.036 
 90      571    (0)    1 :  0.975 0.025 
 91      503    (0)    1 :  0.973 0.027 
 92      647    (0)    1 :  0.935 0.065 
 93      620    (0)    1 :  0.981 0.019 
 94      528    (0)    1 :  0.982 0.018 
 95      625    (0)    1 :  0.974 0.026 
 96      589    (0)    1 :  0.977 0.023 
 97      594    (0)    1 :  0.983 0.017 
 98      551    (0)    1 :  0.982 0.018 
 99      533    (0)    1 :  0.987 0.013 
100      471    (0)    1 :  0.971 0.029 
101      780    (0)    2 :  0.034 0.966 
102      601    (0)    2 :  0.026 0.974 
103  AP.086T    (2)    2 :  0.015 0.985 
104  AX.0CFU    (0)    2 :  0.024 0.976 
105  EE.14PL    (0)    2 :  0.056 0.944 
106  CT.0YJ3   (14)    2 :  0.028 0.972 
107  CT.0YEP    (8)    2 :  0.010 0.990 
108  CT.0YFL    (8)    2 :  0.031 0.969 
109  CT.0YFU    (5)    2 :  0.012 0.988 
110  CT.0YHC    (5)    2 :  0.018 0.982 
111  CT.0YEU    (5)    2 :  0.082 0.918 
112  CT.0YKM    (5)    2 :  0.211 0.789 
113  CT.0YJX    (2)    2 :  0.024 0.976 
114  CT.0YEM    (2)    2 :  0.065 0.935 
115  CT.0YFX    (2)    2 :  0.064 0.936 
116  CT.0YE7    (0)    2 :  0.017 0.983 
117  CT.0YCE    (0)    2 :  0.019 0.981 
118  CT.0YFP    (0)    2 :  0.019 0.981 
119  CT.0YFM    (0)    2 :  0.019 0.981 
120  CT.0YCY    (0)    2 :  0.013 0.987 
121  CT.0YCP    (0)    2 :  0.020 0.980 
122  CT.0YH1    (0)    2 :  0.017 0.983 
123  CT.0YJY    (0)    2 :  0.021 0.979 
124  CT.0YEF    (0)    2 :  0.013 0.987 
125  CT.0YK7    (0)    2 :  0.022 0.978 
126  CT.0YEL    (0)    2 :  0.013 0.987 
127  CT.0YFT    (0)    2 :  0.017 0.983 
128  CT.0YF3    (0)    2 :  0.031 0.969 
129  CT.0YCT    (0)    2 :  0.025 0.975 
130  CT.0YFA    (0)    2 :  0.024 0.976 
131  CT.0YFH    (0)    2 :  0.021 0.979 
132  CT.0YEC    (0)    2 :  0.038 0.962 
133  CT.0YEY    (0)    2 :  0.032 0.968 
134  CT.0YCM    (0)    2 :  0.027 0.973 
135  CT.0YE3    (0)    2 :  0.054 0.946 
136  CT.0YF2    (0)    2 :  0.024 0.976 
137  CT.0YK3    (0)    2 :  0.041 0.959 
138  CT.0YCL    (0)    2 :  0.059 0.941 
139  CT.0YFE    (0)    2 :  0.033 0.967 
140  CT.0YHH    (0)    2 :  0.019 0.981 
141  CT.0YF8    (0)    2 :  0.029 0.971 
142  CT.0YF1    (0)    2 :  0.045 0.955 
143  CT.0YE2    (0)    2 :  0.056 0.944 
144  CT.0YHP    (0)    2 :  0.075 0.925 
145  CT.0YEA    (0)    2 :  0.048 0.952 
146  CT.0YJC    (0)    2 :  0.044 0.956 
147  CT.0YEJ    (0)    2 :  0.043 0.957 
148  CT.0YKH    (0)    2 :  0.050 0.950 
149  CT.0YF0    (0)    2 :  0.119 0.881 
150  AH.02UT    (0)    2 :  0.168 0.832 
151  AH.02X0    (0)    2 :  0.224 0.776 
152      779    (0)    2 :  0.020 0.980 
153      542    (0)    2 :  0.200 0.800 
154     F1H1    (0)    3 :  0.438 0.562 
155     F1H2    (0)    3 :  0.528 0.472 
156     F1H3    (0)    3 :  0.438 0.562 
157     F1H4    (0)    3 :  0.533 0.467 
158     F1H5    (0)    3 :  0.508 0.492 
159     F1H6    (0)    3 :  0.551 0.449 
160     F1H7    (0)    3 :  0.466 0.534 
161     F1H8    (0)    3 :  0.480 0.520 
162     F1H9    (0)    3 :  0.454 0.546 
163    F1H10    (0)    3 :  0.461 0.539 
164    F1H11    (0)    3 :  0.439 0.561 
165    F1H12    (0)    3 :  0.606 0.394 
166    F1H13    (0)    3 :  0.583 0.417 
167    F1H14    (0)    3 :  0.501 0.499 
168    F1H15    (0)    3 :  0.517 0.483 
169    F1H16    (0)    3 :  0.475 0.525 
170    F1H17    (0)    3 :  0.456 0.544 
171    F1H18    (0)    3 :  0.439 0.561 
172    F1H19    (0)    3 :  0.499 0.501 
173    F1H20    (0)    3 :  0.463 0.537 
174    F1H21    (0)    3 :  0.515 0.485 
175    F1H22    (0)    3 :  0.574 0.426 
176    F1H23    (0)    3 :  0.568 0.432 
177    F1H24    (0)    3 :  0.556 0.444 
178    F1H25    (0)    3 :  0.505 0.495 
179    F1H26    (0)    3 :  0.475 0.525 
180    F1H27    (0)    3 :  0.417 0.583 
181    F1H28    (0)    3 :  0.530 0.470 
182    F1H29    (0)    3 :  0.516 0.484 
183    F1H30    (0)    3 :  0.478 0.522 
184    F1H31    (0)    3 :  0.529 0.471 
185    F1H32    (0)    3 :  0.459 0.541 
186    F1H33    (0)    3 :  0.576 0.424 
187    F1H34    (0)    3 :  0.462 0.538 
188    F1H35    (0)    3 :  0.452 0.548 
189    F1H36    (0)    3 :  0.496 0.504 
190    F1H37    (0)    3 :  0.422 0.578 
191    F1H38    (0)    3 :  0.609 0.391 
192    F1H39    (0)    3 :  0.416 0.584 
193    F1H40    (0)    3 :  0.368 0.632 
194    F1H41    (0)    3 :  0.405 0.595 
195    F1H42    (0)    3 :  0.473 0.527 
196    F1H43    (0)    3 :  0.503 0.497 
197    F1H44    (0)    3 :  0.598 0.402 
198    F1H45    (0)    3 :  0.531 0.469 
199    F1H46    (0)    3 :  0.438 0.562 
200    F1H47    (0)    3 :  0.445 0.555 
201    F1H48    (0)    3 :  0.458 0.542 
202    F1H49    (0)    3 :  0.429 0.571 
203    F1H50    (0)    3 :  0.572 0.428 
204     F2H1    (0)    4 :  0.520 0.480 
205     F2H2    (0)    4 :  0.354 0.646 
206     F2H3    (0)    4 :  0.632 0.368 
207     F2H4    (0)    4 :  0.557 0.443 
208     F2H5    (0)    4 :  0.457 0.543 
209     F2H6    (0)    4 :  0.398 0.602 
210     F2H7    (0)    4 :  0.411 0.589 
211     F2H8    (0)    4 :  0.380 0.620 
212     F2H9    (0)    4 :  0.347 0.653 
213    F2H10    (0)    4 :  0.665 0.335 
214    F2H11    (0)    4 :  0.401 0.599 
215    F2H12    (0)    4 :  0.389 0.611 
216    F2H13    (0)    4 :  0.500 0.500 
217    F2H14    (0)    4 :  0.566 0.434 
218    F2H15    (0)    4 :  0.455 0.545 
219    F2H16    (0)    4 :  0.606 0.394 
220    F2H17    (0)    4 :  0.426 0.574 
221    F2H18    (0)    4 :  0.434 0.566 
222    F2H19    (0)    4 :  0.653 0.347 
223    F2H20    (0)    4 :  0.398 0.602 
224    F2H21    (0)    4 :  0.510 0.490 
225    F2H22    (0)    4 :  0.580 0.420 
226    F2H23    (0)    4 :  0.374 0.626 
227    F2H24    (0)    4 :  0.397 0.603 
228    F2H25    (0)    4 :  0.620 0.380 
229    F2H26    (0)    4 :  0.470 0.530 
230    F2H27    (0)    4 :  0.527 0.473 
231    F2H28    (0)    4 :  0.574 0.426 
232    F2H29    (0)    4 :  0.525 0.475 
233    F2H30    (0)    4 :  0.280 0.720 
234    F2H31    (0)    4 :  0.599 0.401 
235    F2H32    (0)    4 :  0.425 0.575 
236    F2H33    (0)    4 :  0.435 0.565 
237    F2H34    (0)    4 :  0.458 0.542 
238    F2H35    (0)    4 :  0.567 0.433 
239    F2H36    (0)    4 :  0.359 0.641 
240    F2H37    (0)    4 :  0.477 0.523 
241    F2H38    (0)    4 :  0.488 0.512 
242    F2H39    (0)    4 :  0.368 0.632 
243    F2H40    (0)    4 :  0.543 0.457 
244    F2H41    (0)    4 :  0.431 0.569 
245    F2H42    (0)    4 :  0.289 0.711 
246    F2H43    (0)    4 :  0.419 0.581 
247    F2H44    (0)    4 :  0.475 0.525 
248    F2H45    (0)    4 :  0.541 0.459 
249    F2H46    (0)    4 :  0.608 0.392 
250    F2H47    (0)    4 :  0.513 0.487 
251    F2H48    (0)    4 :  0.434 0.566 
252    F2H49    (0)    4 :  0.428 0.572 
253    F2H50    (0)    4 :  0.355 0.645 
254 VolkBxH1    (0)    5 :  0.715 0.285 
255 VolkBxH2    (0)    5 :  0.669 0.331 
256 VolkBxH3    (0)    5 :  0.735 0.265 
257 VolkBxH4    (0)    5 :  0.699 0.301 
258 VolkBxH5    (0)    5 :  0.842 0.158 
259 VolkBxH6    (0)    5 :  0.711 0.289 
260 VolkBxH7    (0)    5 :  0.881 0.119 
261 VolkBxH8    (0)    5 :  0.727 0.273 
262 VolkBxH9    (0)    5 :  0.482 0.518 
263 VolkBxH10    (0)    5 :  0.766 0.234 
264 VolkBxH11    (0)    5 :  0.778 0.222 
265 VolkBxH12    (0)    5 :  0.724 0.276 
266 VolkBxH13    (0)    5 :  0.787 0.213 
267 VolkBxH14    (0)    5 :  0.816 0.184 
268 VolkBxH15    (0)    5 :  0.803 0.197 
269 VolkBxH16    (0)    5 :  0.717 0.283 
270 VolkBxH17    (0)    5 :  0.723 0.277 
271 VolkBxH18    (0)    5 :  0.672 0.328 
272 VolkBxH19    (0)    5 :  0.710 0.290 
273 VolkBxH20    (0)    5 :  0.811 0.189 
274 VolkBxH21    (0)    5 :  0.712 0.288 
275 VolkBxH22    (0)    5 :  0.783 0.217 
276 VolkBxH23    (0)    5 :  0.701 0.299 
277 VolkBxH24    (0)    5 :  0.747 0.253 
278 VolkBxH25    (0)    5 :  0.729 0.271 
279 VolkBxH26    (0)    5 :  0.746 0.254 
280 VolkBxH27    (0)    5 :  0.911 0.089 
281 VolkBxH28    (0)    5 :  0.757 0.243 
282 VolkBxH29    (0)    5 :  0.696 0.304 
283 VolkBxH30    (0)    5 :  0.752 0.248 
284 VolkBxH31    (0)    5 :  0.692 0.308 
285 VolkBxH32    (0)    5 :  0.715 0.285 
286 VolkBxH33    (0)    5 :  0.733 0.267 
287 VolkBxH34    (0)    5 :  0.820 0.180 
288 VolkBxH35    (0)    5 :  0.618 0.382 
289 VolkBxH36    (0)    5 :  0.689 0.311 
290 VolkBxH37    (0)    5 :  0.846 0.154 
291 VolkBxH38    (0)    5 :  0.814 0.186 
292 VolkBxH39    (0)    5 :  0.731 0.269 
293 VolkBxH40    (0)    5 :  0.774 0.226 
294 VolkBxH41    (0)    5 :  0.733 0.267 
295 VolkBxH42    (0)    5 :  0.435 0.565 
296 VolkBxH43    (0)    5 :  0.777 0.223 
297 VolkBxH44    (0)    5 :  0.854 0.146 
298 VolkBxH45    (0)    5 :  0.802 0.198 
299 VolkBxH46    (0)    5 :  0.760 0.240 
300 VolkBxH47    (0)    5 :  0.819 0.181 
301 VolkBxH48    (0)    5 :  0.694 0.306 
302 VolkBxH49    (0)    5 :  0.706 0.294 
303 VolkBxH50    (0)    5 :  0.781 0.219 
304  PesBxH1    (0)    6 :  0.272 0.728 
305  PesBxH2    (0)    6 :  0.142 0.858 
306  PesBxH3    (0)    6 :  0.214 0.786 
307  PesBxH4    (0)    6 :  0.194 0.806 
308  PesBxH5    (0)    6 :  0.287 0.713 
309  PesBxH6    (0)    6 :  0.243 0.757 
310  PesBxH7    (0)    6 :  0.121 0.879 
311  PesBxH8    (0)    6 :  0.251 0.749 
312  PesBxH9    (0)    6 :  0.235 0.765 
313 PesBxH10    (0)    6 :  0.222 0.778 
314 PesBxH11    (0)    6 :  0.338 0.662 
315 PesBxH12    (0)    6 :  0.276 0.724 
316 PesBxH13    (0)    6 :  0.242 0.758 
317 PesBxH14    (0)    6 :  0.223 0.777 
318 PesBxH15    (0)    6 :  0.211 0.789 
319 PesBxH16    (0)    6 :  0.071 0.929 
320 PesBxH17    (0)    6 :  0.191 0.809 
321 PesBxH18    (0)    6 :  0.160 0.840 
322 PesBxH19    (0)    6 :  0.185 0.815 
323 PesBxH20    (0)    6 :  0.350 0.650 
324 PesBxH21    (0)    6 :  0.133 0.867 
325 PesBxH22    (0)    6 :  0.206 0.794 
326 PesBxH23    (0)    6 :  0.368 0.632 
327 PesBxH24    (0)    6 :  0.173 0.827 
328 PesBxH25    (0)    6 :  0.276 0.724 
329 PesBxH26    (0)    6 :  0.150 0.850 
330 PesBxH27    (0)    6 :  0.373 0.627 
331 PesBxH28    (0)    6 :  0.122 0.878 
332 PesBxH29    (0)    6 :  0.120 0.880 
333 PesBxH30    (0)    6 :  0.340 0.660 
334 PesBxH31    (0)    6 :  0.274 0.726 
335 PesBxH32    (0)    6 :  0.304 0.696 
336 PesBxH33    (0)    6 :  0.184 0.816 
337 PesBxH34    (0)    6 :  0.262 0.738 
338 PesBxH35    (0)    6 :  0.246 0.754 
339 PesBxH36    (0)    6 :  0.235 0.765 
340 PesBxH37    (0)    6 :  0.186 0.814 
341 PesBxH38    (0)    6 :  0.204 0.796 
342 PesBxH39    (0)    6 :  0.285 0.715 
343 PesBxH40    (0)    6 :  0.270 0.730 
344 PesBxH41    (0)    6 :  0.384 0.616 
345 PesBxH42    (0)    6 :  0.154 0.846 
346 PesBxH43    (0)    6 :  0.339 0.661 
347 PesBxH44    (0)    6 :  0.170 0.830 
348 PesBxH45    (0)    6 :  0.505 0.495 
349 PesBxH46    (0)    6 :  0.184 0.816 
350 PesBxH47    (0)    6 :  0.183 0.817 
351 PesBxH48    (0)    6 :  0.229 0.771 
352 PesBxH49    (0)    6 :  0.057 0.943 
353 PesBxH50    (0)    6 :  0.236 0.764 


Estimated Allele Frequencies in each cluster
First column gives estimated ancestral frequencies


Locus 1 : CPH9 
9 alleles
0.0% missing data
 144   (0.184) 0.552 0.078 
 162   (0.066) 0.108 0.006 
 164   (0.070) 0.199 0.006 
 150   (0.194) 0.026 0.295 
 142   (0.098) 0.094 0.022 
 140   (0.199) 0.016 0.411 
 148   (0.035) 0.002 0.002 
 152   (0.074) 0.002 0.079 
 154   (0.081) 0.001 0.101 

Locus 2 : CPH12 
7 alleles
0.0% missing data
 195   (0.459) 0.490 0.614 
 197   (0.088) 0.261 0.015 
 205   (0.248) 0.227 0.237 
 199   (0.042) 0.020 0.002 
 193   (0.079) 0.001 0.115 
 207   (0.040) 0.001 0.007 
 209   (0.043) 0.001 0.010 

Locus 3 : C20_253 
8 alleles
0.0% missing data
 100   (0.082) 0.244 0.012 
  94   (0.066) 0.208 0.006 
 102   (0.126) 0.146 0.045 
 104   (0.100) 0.243 0.020 
 108   (0.356) 0.136 0.651 
 110   (0.141) 0.019 0.168 
 106   (0.063) 0.001 0.059 
 112   (0.066) 0.003 0.039 

Locus 4 : C09_250 
11 alleles
0.0% missing data
 127   (0.078) 0.002 0.171 
 133   (0.177) 0.237 0.224 
 129   (0.033) 0.005 0.001 
 131   (0.097) 0.190 0.040 
 141   (0.108) 0.047 0.102 
 137   (0.180) 0.184 0.287 
 139   (0.097) 0.253 0.034 
 135   (0.084) 0.076 0.030 
 143   (0.069) 0.004 0.088 
 147   (0.037) 0.001 0.010 
 123   (0.039) 0.001 0.013 

Locus 5 : FH2010 
7 alleles
0.0% missing data
 228   (0.326) 0.399 0.328 
 232   (0.213) 0.295 0.145 
 216   (0.065) 0.240 0.005 
 220   (0.087) 0.056 0.018 
 212   (0.073) 0.003 0.043 
 236   (0.122) 0.004 0.265 
 224   (0.114) 0.004 0.195 

Locus 6 : CPH5 
6 alleles
0.3% missing data
 110   (0.227) 0.382 0.158 
 114   (0.367) 0.140 0.671 
 112   (0.132) 0.120 0.058 
 124   (0.094) 0.284 0.016 
 116   (0.146) 0.071 0.095 
 126   (0.035) 0.003 0.001 

Locus 7 : CPH7 
6 alleles
0.0% missing data
 163   (0.076) 0.006 0.039 
 165   (0.295) 0.599 0.287 
 169   (0.185) 0.099 0.193 
 171   (0.300) 0.262 0.394 
 167   (0.080) 0.032 0.019 
 161   (0.065) 0.001 0.067 

Locus 8 : Cxx_121 
13 alleles
0.0% missing data
  81   (0.048) 0.092 0.004 
 105   (0.134) 0.474 0.068 
 101   (0.119) 0.310 0.053 
  97   (0.117) 0.020 0.146 
  91   (0.056) 0.050 0.007 
  99   (0.111) 0.042 0.096 
 103   (0.118) 0.005 0.374 
 107   (0.065) 0.001 0.112 
 109   (0.068) 0.003 0.080 
  95   (0.054) 0.001 0.041 
 113   (0.042) 0.001 0.010 
  93   (0.036) 0.000 0.007 
 111   (0.032) 0.000 0.004 

Locus 9 : FH2137 
21 alleles
0.0% missing data
 171   (0.039) 0.142 0.003 
 173   (0.069) 0.018 0.063 
 179   (0.062) 0.094 0.024 
 163   (0.062) 0.198 0.021 
 167   (0.052) 0.102 0.011 
 161   (0.053) 0.140 0.012 
 183   (0.036) 0.090 0.003 
 169   (0.106) 0.113 0.189 
 175   (0.034) 0.086 0.002 
 165   (0.067) 0.008 0.107 
 151   (0.031) 0.000 0.010 
 181   (0.049) 0.001 0.192 
 188   (0.037) 0.001 0.036 
 185   (0.044) 0.001 0.071 
 168   (0.038) 0.001 0.039 
 177   (0.037) 0.000 0.036 
 156   (0.032) 0.001 0.016 
 159   (0.030) 0.000 0.010 
 164   (0.042) 0.001 0.074 
 176   (0.042) 0.002 0.044 
 157   (0.039) 0.001 0.036 

Locus 10 : CPH22 
4 alleles
0.3% missing data
 114   (0.129) 0.028 0.077 
 116   (0.089) 0.123 0.015 
 112   (0.546) 0.342 0.779 
 110   (0.236) 0.507 0.128 

Locus 11 : VWF 
8 alleles
0.0% missing data
 142   (0.077) 0.142 0.010 
 178   (0.077) 0.096 0.010 
 166   (0.268) 0.329 0.209 
 172   (0.160) 0.340 0.056 
 154   (0.065) 0.078 0.006 
 160   (0.222) 0.012 0.584 
 148   (0.089) 0.002 0.118 
 190   (0.040) 0.000 0.007 

Locus 12 : Cxx_123 
7 alleles
0.0% missing data
 143   (0.240) 0.279 0.305 
 151   (0.052) 0.067 0.004 
 141   (0.123) 0.183 0.059 
 145   (0.193) 0.213 0.208 
 147   (0.134) 0.103 0.099 
 139   (0.197) 0.080 0.317 
 131   (0.061) 0.076 0.008 

Locus 13 : CPH2 
9 alleles
0.3% missing data
 104   (0.099) 0.185 0.030 
 102   (0.075) 0.053 0.015 
  94   (0.155) 0.308 0.084 
 110   (0.077) 0.088 0.015 
 100   (0.068) 0.085 0.010 
  98   (0.116) 0.093 0.058 
  96   (0.269) 0.178 0.488 
 108   (0.043) 0.009 0.003 
 106   (0.098) 0.002 0.296 

Locus 14 : FH2004 
16 alleles
0.6% missing data
 175   (0.092) 0.199 0.040 
 115   (0.178) 0.353 0.233 
 151   (0.068) 0.230 0.017 
 147   (0.044) 0.098 0.003 
 111   (0.165) 0.104 0.304 
 171   (0.047) 0.009 0.007 
 179   (0.030) 0.002 0.001 
 194   (0.029) 0.000 0.004 
 119   (0.083) 0.002 0.232 
 169   (0.036) 0.001 0.010 
 123   (0.055) 0.001 0.076 
 183   (0.033) 0.000 0.007 
 191   (0.031) 0.000 0.004 
 187   (0.049) 0.001 0.054 
 203   (0.030) 0.000 0.004 
 107   (0.030) 0.000 0.004 

Locus 15 : FH2088 
9 alleles
0.8% missing data
  94   (0.045) 0.038 0.002 
 118   (0.166) 0.422 0.094 
 126   (0.200) 0.257 0.185 
 122   (0.118) 0.139 0.049 
 134   (0.189) 0.135 0.194 
 110   (0.076) 0.003 0.082 
 138   (0.053) 0.002 0.018 
 130   (0.116) 0.003 0.369 
 114   (0.037) 0.000 0.007 

Locus 16 : FH2096 
4 alleles
0.0% missing data
 102   (0.521) 0.707 0.525 
 106   (0.253) 0.038 0.405 
  98   (0.137) 0.244 0.040 
 110   (0.089) 0.012 0.030 

Locus 17 : CPH6 
12 alleles
0.0% missing data
 132   (0.130) 0.694 0.061 
 123   (0.167) 0.160 0.160 
 134   (0.080) 0.034 0.026 
 121   (0.118) 0.052 0.098 
 131   (0.100) 0.008 0.125 
 130   (0.066) 0.045 0.012 
 129   (0.105) 0.002 0.386 
 127   (0.055) 0.001 0.046 
 125   (0.046) 0.000 0.027 
 133   (0.055) 0.003 0.034 
 128   (0.035) 0.000 0.007 
 138   (0.043) 0.001 0.017 

Locus 18 : CPH4 
9 alleles
0.0% missing data
 146   (0.293) 0.162 0.469 
 149   (0.097) 0.076 0.029 
 150   (0.124) 0.408 0.040 
 154   (0.040) 0.023 0.001 
 144   (0.132) 0.302 0.050 
 148   (0.185) 0.027 0.350 
 142   (0.064) 0.002 0.053 
 134   (0.033) 0.000 0.004 
 140   (0.033) 0.000 0.004 

Locus 19 : REN169O18 
10 alleles
0.3% missing data
 162   (0.121) 0.070 0.081 
 164   (0.231) 0.622 0.196 
 166   (0.115) 0.091 0.067 
 156   (0.100) 0.165 0.030 
 160   (0.131) 0.024 0.155 
 168   (0.040) 0.018 0.002 
 158   (0.135) 0.009 0.402 
 154   (0.060) 0.001 0.057 
 170   (0.033) 0.000 0.004 
 174   (0.036) 0.000 0.007 

Locus 20 : REN54P11 
9 alleles
0.0% missing data
 237   (0.140) 0.599 0.051 
 241   (0.112) 0.088 0.052 
 233   (0.141) 0.077 0.112 
 227   (0.133) 0.007 0.319 
 235   (0.234) 0.158 0.335 
 239   (0.075) 0.068 0.013 
 229   (0.059) 0.001 0.050 
 223   (0.065) 0.002 0.056 
 231   (0.041) 0.000 0.010 

Locus 21 : INRA21 
7 alleles
0.3% missing data
  92   (0.234) 0.186 0.280 
  98   (0.288) 0.264 0.389 
  96   (0.251) 0.515 0.226 
  94   (0.091) 0.033 0.035 
  88   (0.055) 0.001 0.046 
 100   (0.047) 0.001 0.020 
  90   (0.033) 0.000 0.004 

Locus 22 : AHT137 
13 alleles
0.0% missing data
 146   (0.143) 0.256 0.179 
 134   (0.096) 0.124 0.060 
 148   (0.095) 0.143 0.052 
 132   (0.127) 0.258 0.122 
 142   (0.041) 0.079 0.002 
 124   (0.049) 0.075 0.007 
 150   (0.055) 0.006 0.024 
 140   (0.066) 0.013 0.034 
 138   (0.078) 0.031 0.043 
 144   (0.070) 0.014 0.043 
 130   (0.066) 0.001 0.224 
 136   (0.064) 0.001 0.138 
 152   (0.050) 0.001 0.071 

Locus 23 : REN169D01 
10 alleles
0.0% missing data
 204   (0.073) 0.345 0.009 
 214   (0.162) 0.239 0.094 
 198   (0.102) 0.238 0.027 
 216   (0.103) 0.061 0.041 
 212   (0.219) 0.053 0.406 
 200   (0.046) 0.053 0.002 
 208   (0.135) 0.007 0.314 
 206   (0.067) 0.001 0.076 
 220   (0.037) 0.000 0.007 
 210   (0.056) 0.003 0.024 

Locus 24 : AHTk253 
10 alleles
0.3% missing data
 280   (0.075) 0.431 0.009 
 288   (0.241) 0.032 0.567 
 284   (0.123) 0.274 0.041 
 286   (0.153) 0.130 0.099 
 290   (0.125) 0.120 0.056 
 298   (0.053) 0.006 0.010 
 294   (0.073) 0.004 0.042 
 292   (0.086) 0.001 0.167 
 282   (0.034) 0.000 0.004 
 296   (0.037) 0.000 0.007 

Locus 25 : FH2848 
9 alleles
2.0% missing data
 230   (0.155) 0.171 0.124 
 234   (0.140) 0.355 0.073 
 232   (0.147) 0.250 0.099 
 236   (0.176) 0.193 0.174 
 238   (0.167) 0.026 0.351 
 240   (0.069) 0.002 0.089 
 226   (0.039) 0.000 0.011 
 242   (0.056) 0.001 0.053 
 228   (0.051) 0.001 0.027 

Locus 26 : REN162C04 
10 alleles
1.7% missing data
 196   (0.062) 0.159 0.006 
 202   (0.260) 0.694 0.209 
 208   (0.075) 0.004 0.060 
 206   (0.157) 0.023 0.222 
 200   (0.143) 0.056 0.117 
 190   (0.049) 0.049 0.003 
 198   (0.039) 0.010 0.002 
 212   (0.082) 0.001 0.166 
 186   (0.038) 0.000 0.008 
 204   (0.095) 0.002 0.207 

Locus 27 : REN247M23 
8 alleles
3.4% missing data
 267   (0.063) 0.235 0.005 
 271   (0.251) 0.187 0.278 
 273   (0.194) 0.191 0.170 
 281   (0.069) 0.170 0.008 
 277   (0.094) 0.107 0.023 
 279   (0.100) 0.074 0.026 
 275   (0.090) 0.032 0.028 
 269   (0.139) 0.003 0.462 

Locus 28 : INU055 
7 alleles
0.0% missing data
 198   (0.290) 0.471 0.326 
 200   (0.128) 0.262 0.053 
 202   (0.192) 0.199 0.172 
 208   (0.126) 0.034 0.098 
 204   (0.116) 0.032 0.075 
 206   (0.101) 0.002 0.256 
 196   (0.047) 0.001 0.020 

Locus 29 : AHTh260 
14 alleles
0.0% missing data
 231   (0.042) 0.089 0.003 
 248   (0.102) 0.187 0.056 
 266   (0.039) 0.041 0.002 
 238   (0.095) 0.211 0.043 
 243   (0.038) 0.116 0.002 
 244   (0.139) 0.109 0.186 
 236   (0.165) 0.178 0.282 
 242   (0.088) 0.053 0.053 
 245   (0.033) 0.008 0.002 
 230   (0.029) 0.003 0.001 
 246   (0.062) 0.002 0.115 
 240   (0.068) 0.002 0.180 
 250   (0.046) 0.001 0.034 
 252   (0.052) 0.002 0.042 

Locus 30 : INU030 
6 alleles
0.0% missing data
 143   (0.217) 0.272 0.163 
 145   (0.246) 0.387 0.195 
 147   (0.105) 0.167 0.025 
 149   (0.269) 0.079 0.420 
 139   (0.059) 0.093 0.004 
 151   (0.105) 0.003 0.193 

Locus 31 : AHTk211 
6 alleles
0.0% missing data
  89   (0.277) 0.573 0.171 
  91   (0.126) 0.286 0.030 
  93   (0.174) 0.014 0.262 
  85   (0.236) 0.124 0.214 
  87   (0.128) 0.003 0.293 
  95   (0.058) 0.001 0.030 

Locus 32 : CPH8 
8 alleles
0.0% missing data
 212   (0.122) 0.132 0.065 
 218   (0.049) 0.077 0.003 
 214   (0.191) 0.398 0.153 
 210   (0.125) 0.055 0.096 
 208   (0.275) 0.315 0.405 
 200   (0.143) 0.020 0.236 
 202   (0.047) 0.002 0.019 
 216   (0.048) 0.001 0.023 

Locus 33 : CXX279 
10 alleles
0.3% missing data
 124   (0.137) 0.094 0.155 
 128   (0.155) 0.371 0.125 
 118   (0.144) 0.233 0.119 
 126   (0.061) 0.034 0.010 
 134   (0.052) 0.057 0.006 
 122   (0.163) 0.192 0.178 
 114   (0.107) 0.009 0.211 
 116   (0.097) 0.009 0.137 
 106   (0.031) 0.000 0.004 
 120   (0.055) 0.001 0.055 

Locus 34 : FH2145 
18 alleles
2.3% missing data
 281   (0.060) 0.155 0.012 
 282   (0.165) 0.569 0.278 
 294   (0.083) 0.048 0.055 
 285   (0.050) 0.069 0.008 
 286   (0.062) 0.005 0.071 
 283   (0.078) 0.024 0.071 
 287   (0.045) 0.100 0.005 
 288   (0.033) 0.018 0.001 
 290   (0.070) 0.006 0.126 
 272   (0.054) 0.001 0.137 
 276   (0.055) 0.001 0.134 
 280   (0.037) 0.000 0.020 
 289   (0.036) 0.001 0.016 
 284   (0.037) 0.001 0.016 
 302   (0.031) 0.000 0.007 
 278   (0.033) 0.000 0.010 
 291   (0.031) 0.000 0.007 
 298   (0.041) 0.001 0.026 

Values of parameters used in structure:
DATAFILE=C:\Users\Bing\Documents\R\VajeHibridiStruktura\BACKUP\VolkPesStructure_Hibridi\project_data,	OUTFILE=C:\Users\Bing\Documents\R\VajeHibridiStruktura\BACKUP\VolkPesStructure_Hibridi\Paremetri1\Results\Paremetri1_run_7,	NUMINDS=353,	NUMLOCI=34,	MISSING=-9,	LABEL=1,	POPDATA=1,	POPFLAG=0,	PHENOTYPE=0,	EXTRACOLS=0,	MAXPOPS=2,	BURNIN=10000,	NUMREPS=50000,	USEPOPINFO=0,	INFERALPHA=1,	INFERLAMBDA=0,	POPSPECIFICLAMBDA=0,	POPALPHAS=0,	COMPUTEPROB=1,	NOADMIX=0,	ADMBURNIN=2500,	UPDATEFREQ=1,	PRINTLIKES=0,	INTERMEDSAVE=0,	PRINTKLD=0,	PRINTNET=0,	PRINTLAMBDA=0,	ANCESTDIST=0,	NUMBOXES=1000,	ANCESTPINT=0.90000,	GENSBACK=2,	MIGRPRIOR=0.05000,	PRINTQHAT=0,	PRINTQSUM=0,	ALPHA=1.0000,	FREQSCORR=1,	FPRIORMEAN=0.0100,	FPRIORSD=0.0500,	ONEFST=0,	LAMBDA=1.0000,	UNIFPRIORALPHA=1,	ALPHAMAX=10.0000,	ALPHAPRIORA=1.0000,	ALPHAPRIORB=2.0000,	ALPHAPROPSD=0.0250,	STARTATPOPINFO=0,	RANDOMIZE=1,	LINKAGE=0,	METROFREQ=10,	REPORTHITRATE=0,	MARKOVPHASE=-1,	PHASED=0,	PLOIDY=2,	PHASEINFO=0	LOCPRIOR=0, 	LOCPRIORINIT=1.000000, 	LOCDATA=0, 	LOCISPOP=0, 	LOCPRIORSTEP=0.100000, 	MAXLOCPRIOR=20.000000, 	SEED=1418387926,	
[STRAT parameters]:    NUMSIMSTATS=1000,	PHENOTYPECOL=-9,	POOLFREQ=10,	LOCUSxONLY=0,	EMERROR=0.00100,	MISSINGPHENO=-9,	