

----------------------------------------------------
STRUCTURE by Pritchard, Stephens and Donnelly (2000)
     and Falush, Stephens and Pritchard (2003)
       Code by Pritchard, Falush and Hubisz
             Version 2.3.4 (Jul 2012)
----------------------------------------------------



Command line arguments:   bin\structure -m C:\Users\Bing\Documents\R\VajeHibridiStruktura\BACKUP\VolkPesStructure_Hibridi\Paremetri1\mainparams -e C:\Users\Bing\Documents\R\VajeHibridiStruktura\BACKUP\VolkPesStructure_Hibridi\Paremetri1\extraparams 
Input File:    C:\Users\Bing\Documents\R\VajeHibridiStruktura\BACKUP\VolkPesStructure_Hibridi\project_data

Run parameters:
   353 individuals
   34 loci
   2 populations assumed
   10000 Burn-in period
   50000 Reps


--------------------------------------------
Proportion of membership of each pre-defined
 population in each of the 2 clusters

Given    Inferred Clusters       Number of
 Pop       1      2             Individuals

  1:     0.029  0.971             100
  2:     0.954  0.046              53
  3:     0.508  0.492              50
  4:     0.528  0.472              50
  5:     0.258  0.742              50
  6:     0.769  0.231              50
--------------------------------------------

Allele-freq. divergence among pops (Net nucleotide distance),
computed using point estimates of P.

      1       2      
 1      -    0.1401  
 2   0.1401     -    

Average distances (expected heterozygosity) between individuals in same cluster:
cluster  1  : 0.7226 
cluster  2  : 0.6932 

--------------------------------------------
Estimated Ln Prob of Data   = -39066.3
Mean value of ln likelihood = -38838.0
Variance of ln likelihood   = 456.5
Mean value of alpha         = 0.4284

Mean value of Fst_1         = 0.0935
Mean value of Fst_2         = 0.2115


Inferred ancestry of individuals:
        Label (%Miss) Pop:  Inferred clusters
  1      537    (0)    1 :  0.064 0.936 
  2      509    (0)    1 :  0.037 0.963 
  3      514   (14)    1 :  0.016 0.984 
  4      577    (8)    1 :  0.035 0.965 
  5      597    (8)    1 :  0.069 0.931 
  6      513    (2)    1 :  0.016 0.984 
  7      501    (0)    1 :  0.014 0.986 
  8      563    (0)    1 :  0.039 0.961 
  9      674    (0)    1 :  0.032 0.968 
 10      758    (0)    1 :  0.029 0.971 
 11      591    (0)    1 :  0.051 0.949 
 12      526    (0)    1 :  0.024 0.976 
 13      587    (0)    1 :  0.017 0.983 
 14      643    (0)    1 :  0.018 0.982 
 15      756    (0)    1 :  0.019 0.981 
 16      599    (0)    1 :  0.017 0.983 
 17      521    (0)    1 :  0.035 0.965 
 18      579    (0)    1 :  0.015 0.985 
 19      500    (0)    1 :  0.021 0.979 
 20      673    (0)    1 :  0.029 0.971 
 21      755    (0)    1 :  0.023 0.977 
 22      694    (0)    1 :  0.023 0.977 
 23      497    (0)    1 :  0.015 0.985 
 24      498    (0)    1 :  0.024 0.976 
 25      544    (0)    1 :  0.015 0.985 
 26      545    (0)    1 :  0.015 0.985 
 27      588    (0)    1 :  0.025 0.975 
 28      665    (0)    1 :  0.081 0.919 
 29      556    (0)    1 :  0.012 0.988 
 30      677    (0)    1 :  0.040 0.960 
 31      624    (0)    1 :  0.089 0.911 
 32      517    (8)    1 :  0.013 0.987 
 33      540    (0)    1 :  0.037 0.963 
 34      602    (0)    1 :  0.045 0.955 
 35      496    (0)    1 :  0.044 0.956 
 36      617    (0)    1 :  0.022 0.978 
 37      603    (0)    1 :  0.032 0.968 
 38      557    (0)    1 :  0.049 0.951 
 39      640    (0)    1 :  0.057 0.943 
 40      516    (0)    1 :  0.022 0.978 
 41      698    (0)    1 :  0.036 0.964 
 42      696    (0)    1 :  0.024 0.976 
 43      701    (0)    1 :  0.019 0.981 
 44      751    (0)    1 :  0.023 0.977 
 45      590    (0)    1 :  0.033 0.967 
 46      679    (0)    1 :  0.020 0.980 
 47      671    (0)    1 :  0.019 0.981 
 48      586    (0)    1 :  0.015 0.985 
 49      558    (0)    1 :  0.016 0.984 
 50      611    (0)    1 :  0.015 0.985 
 51      684    (0)    1 :  0.012 0.988 
 52      531    (0)    1 :  0.014 0.986 
 53      632    (0)    1 :  0.019 0.981 
 54      702    (0)    1 :  0.018 0.982 
 55      651    (0)    1 :  0.018 0.982 
 56      618    (0)    1 :  0.013 0.987 
 57      598    (0)    1 :  0.014 0.986 
 58      662    (0)    1 :  0.021 0.979 
 59      760    (0)    1 :  0.014 0.986 
 60      654    (0)    1 :  0.014 0.986 
 61      606    (0)    1 :  0.014 0.986 
 62      700    (0)    1 :  0.021 0.979 
 63      614    (0)    1 :  0.012 0.988 
 64      633    (0)    1 :  0.012 0.988 
 65      538    (0)    1 :  0.012 0.988 
 66      669    (0)    1 :  0.062 0.938 
 67      686    (0)    1 :  0.015 0.985 
 68      629    (0)    1 :  0.018 0.982 
 69      649    (0)    1 :  0.013 0.987 
 70      675    (0)    1 :  0.013 0.987 
 71      592    (0)    1 :  0.013 0.987 
 72      622    (0)    1 :  0.058 0.942 
 73      644    (0)    1 :  0.033 0.967 
 74      703    (0)    1 :  0.065 0.935 
 75      619    (0)    1 :  0.016 0.984 
 76      578    (8)    1 :  0.035 0.965 
 77      523    (5)    1 :  0.015 0.985 
 78      555    (5)    1 :  0.030 0.970 
 79      659    (0)    1 :  0.085 0.915 
 80      693    (0)    1 :  0.067 0.933 
 81      683    (0)    1 :  0.045 0.955 
 82      574    (0)    1 :  0.031 0.969 
 83      502    (0)    1 :  0.047 0.953 
 84      653    (0)    1 :  0.050 0.950 
 85      600    (0)    1 :  0.046 0.954 
 86      553    (0)    1 :  0.024 0.976 
 87      608    (0)    1 :  0.025 0.975 
 88      630    (0)    1 :  0.045 0.955 
 89      604    (0)    1 :  0.036 0.964 
 90      571    (0)    1 :  0.025 0.975 
 91      503    (0)    1 :  0.026 0.974 
 92      647    (0)    1 :  0.065 0.935 
 93      620    (0)    1 :  0.019 0.981 
 94      528    (0)    1 :  0.018 0.982 
 95      625    (0)    1 :  0.027 0.973 
 96      589    (0)    1 :  0.022 0.978 
 97      594    (0)    1 :  0.018 0.982 
 98      551    (0)    1 :  0.018 0.982 
 99      533    (0)    1 :  0.013 0.987 
100      471    (0)    1 :  0.028 0.972 
101      780    (0)    2 :  0.964 0.036 
102      601    (0)    2 :  0.975 0.025 
103  AP.086T    (2)    2 :  0.985 0.015 
104  AX.0CFU    (0)    2 :  0.976 0.024 
105  EE.14PL    (0)    2 :  0.946 0.054 
106  CT.0YJ3   (14)    2 :  0.973 0.027 
107  CT.0YEP    (8)    2 :  0.990 0.010 
108  CT.0YFL    (8)    2 :  0.970 0.030 
109  CT.0YFU    (5)    2 :  0.988 0.012 
110  CT.0YHC    (5)    2 :  0.982 0.018 
111  CT.0YEU    (5)    2 :  0.917 0.083 
112  CT.0YKM    (5)    2 :  0.788 0.212 
113  CT.0YJX    (2)    2 :  0.976 0.024 
114  CT.0YEM    (2)    2 :  0.935 0.065 
115  CT.0YFX    (2)    2 :  0.938 0.062 
116  CT.0YE7    (0)    2 :  0.983 0.017 
117  CT.0YCE    (0)    2 :  0.981 0.019 
118  CT.0YFP    (0)    2 :  0.981 0.019 
119  CT.0YFM    (0)    2 :  0.982 0.018 
120  CT.0YCY    (0)    2 :  0.987 0.013 
121  CT.0YCP    (0)    2 :  0.981 0.019 
122  CT.0YH1    (0)    2 :  0.983 0.017 
123  CT.0YJY    (0)    2 :  0.980 0.020 
124  CT.0YEF    (0)    2 :  0.987 0.013 
125  CT.0YK7    (0)    2 :  0.979 0.021 
126  CT.0YEL    (0)    2 :  0.987 0.013 
127  CT.0YFT    (0)    2 :  0.983 0.017 
128  CT.0YF3    (0)    2 :  0.969 0.031 
129  CT.0YCT    (0)    2 :  0.976 0.024 
130  CT.0YFA    (0)    2 :  0.975 0.025 
131  CT.0YFH    (0)    2 :  0.979 0.021 
132  CT.0YEC    (0)    2 :  0.962 0.038 
133  CT.0YEY    (0)    2 :  0.968 0.032 
134  CT.0YCM    (0)    2 :  0.973 0.027 
135  CT.0YE3    (0)    2 :  0.947 0.053 
136  CT.0YF2    (0)    2 :  0.976 0.024 
137  CT.0YK3    (0)    2 :  0.959 0.041 
138  CT.0YCL    (0)    2 :  0.943 0.057 
139  CT.0YFE    (0)    2 :  0.966 0.034 
140  CT.0YHH    (0)    2 :  0.982 0.018 
141  CT.0YF8    (0)    2 :  0.972 0.028 
142  CT.0YF1    (0)    2 :  0.955 0.045 
143  CT.0YE2    (0)    2 :  0.943 0.057 
144  CT.0YHP    (0)    2 :  0.927 0.073 
145  CT.0YEA    (0)    2 :  0.951 0.049 
146  CT.0YJC    (0)    2 :  0.956 0.044 
147  CT.0YEJ    (0)    2 :  0.957 0.043 
148  CT.0YKH    (0)    2 :  0.950 0.050 
149  CT.0YF0    (0)    2 :  0.881 0.119 
150  AH.02UT    (0)    2 :  0.836 0.164 
151  AH.02X0    (0)    2 :  0.777 0.223 
152      779    (0)    2 :  0.980 0.020 
153      542    (0)    2 :  0.801 0.199 
154     F1H1    (0)    3 :  0.560 0.440 
155     F1H2    (0)    3 :  0.470 0.530 
156     F1H3    (0)    3 :  0.564 0.436 
157     F1H4    (0)    3 :  0.468 0.532 
158     F1H5    (0)    3 :  0.492 0.508 
159     F1H6    (0)    3 :  0.450 0.550 
160     F1H7    (0)    3 :  0.532 0.468 
161     F1H8    (0)    3 :  0.520 0.480 
162     F1H9    (0)    3 :  0.547 0.453 
163    F1H10    (0)    3 :  0.537 0.463 
164    F1H11    (0)    3 :  0.561 0.439 
165    F1H12    (0)    3 :  0.393 0.607 
166    F1H13    (0)    3 :  0.415 0.585 
167    F1H14    (0)    3 :  0.498 0.502 
168    F1H15    (0)    3 :  0.484 0.516 
169    F1H16    (0)    3 :  0.525 0.475 
170    F1H17    (0)    3 :  0.542 0.458 
171    F1H18    (0)    3 :  0.561 0.439 
172    F1H19    (0)    3 :  0.502 0.498 
173    F1H20    (0)    3 :  0.540 0.460 
174    F1H21    (0)    3 :  0.487 0.513 
175    F1H22    (0)    3 :  0.430 0.570 
176    F1H23    (0)    3 :  0.433 0.567 
177    F1H24    (0)    3 :  0.445 0.555 
178    F1H25    (0)    3 :  0.495 0.505 
179    F1H26    (0)    3 :  0.526 0.474 
180    F1H27    (0)    3 :  0.584 0.416 
181    F1H28    (0)    3 :  0.470 0.530 
182    F1H29    (0)    3 :  0.485 0.515 
183    F1H30    (0)    3 :  0.523 0.477 
184    F1H31    (0)    3 :  0.472 0.528 
185    F1H32    (0)    3 :  0.543 0.457 
186    F1H33    (0)    3 :  0.424 0.576 
187    F1H34    (0)    3 :  0.537 0.463 
188    F1H35    (0)    3 :  0.548 0.452 
189    F1H36    (0)    3 :  0.503 0.497 
190    F1H37    (0)    3 :  0.579 0.421 
191    F1H38    (0)    3 :  0.391 0.609 
192    F1H39    (0)    3 :  0.585 0.415 
193    F1H40    (0)    3 :  0.628 0.372 
194    F1H41    (0)    3 :  0.595 0.405 
195    F1H42    (0)    3 :  0.527 0.473 
196    F1H43    (0)    3 :  0.498 0.502 
197    F1H44    (0)    3 :  0.400 0.600 
198    F1H45    (0)    3 :  0.468 0.532 
199    F1H46    (0)    3 :  0.564 0.436 
200    F1H47    (0)    3 :  0.554 0.446 
201    F1H48    (0)    3 :  0.544 0.456 
202    F1H49    (0)    3 :  0.572 0.428 
203    F1H50    (0)    3 :  0.428 0.572 
204     F2H1    (0)    4 :  0.480 0.520 
205     F2H2    (0)    4 :  0.645 0.355 
206     F2H3    (0)    4 :  0.366 0.634 
207     F2H4    (0)    4 :  0.443 0.557 
208     F2H5    (0)    4 :  0.543 0.457 
209     F2H6    (0)    4 :  0.601 0.399 
210     F2H7    (0)    4 :  0.591 0.409 
211     F2H8    (0)    4 :  0.622 0.378 
212     F2H9    (0)    4 :  0.655 0.345 
213    F2H10    (0)    4 :  0.336 0.664 
214    F2H11    (0)    4 :  0.599 0.401 
215    F2H12    (0)    4 :  0.614 0.386 
216    F2H13    (0)    4 :  0.502 0.498 
217    F2H14    (0)    4 :  0.435 0.565 
218    F2H15    (0)    4 :  0.547 0.453 
219    F2H16    (0)    4 :  0.394 0.606 
220    F2H17    (0)    4 :  0.575 0.425 
221    F2H18    (0)    4 :  0.568 0.432 
222    F2H19    (0)    4 :  0.349 0.651 
223    F2H20    (0)    4 :  0.601 0.399 
224    F2H21    (0)    4 :  0.493 0.507 
225    F2H22    (0)    4 :  0.420 0.580 
226    F2H23    (0)    4 :  0.628 0.372 
227    F2H24    (0)    4 :  0.604 0.396 
228    F2H25    (0)    4 :  0.380 0.620 
229    F2H26    (0)    4 :  0.528 0.472 
230    F2H27    (0)    4 :  0.472 0.528 
231    F2H28    (0)    4 :  0.428 0.572 
232    F2H29    (0)    4 :  0.477 0.523 
233    F2H30    (0)    4 :  0.719 0.281 
234    F2H31    (0)    4 :  0.402 0.598 
235    F2H32    (0)    4 :  0.574 0.426 
236    F2H33    (0)    4 :  0.567 0.433 
237    F2H34    (0)    4 :  0.544 0.456 
238    F2H35    (0)    4 :  0.433 0.567 
239    F2H36    (0)    4 :  0.641 0.359 
240    F2H37    (0)    4 :  0.523 0.477 
241    F2H38    (0)    4 :  0.512 0.488 
242    F2H39    (0)    4 :  0.629 0.371 
243    F2H40    (0)    4 :  0.458 0.542 
244    F2H41    (0)    4 :  0.569 0.431 
245    F2H42    (0)    4 :  0.710 0.290 
246    F2H43    (0)    4 :  0.583 0.417 
247    F2H44    (0)    4 :  0.526 0.474 
248    F2H45    (0)    4 :  0.459 0.541 
249    F2H46    (0)    4 :  0.393 0.607 
250    F2H47    (0)    4 :  0.489 0.511 
251    F2H48    (0)    4 :  0.568 0.432 
252    F2H49    (0)    4 :  0.571 0.429 
253    F2H50    (0)    4 :  0.645 0.355 
254 VolkBxH1    (0)    5 :  0.284 0.716 
255 VolkBxH2    (0)    5 :  0.332 0.668 
256 VolkBxH3    (0)    5 :  0.265 0.735 
257 VolkBxH4    (0)    5 :  0.302 0.698 
258 VolkBxH5    (0)    5 :  0.158 0.842 
259 VolkBxH6    (0)    5 :  0.289 0.711 
260 VolkBxH7    (0)    5 :  0.121 0.879 
261 VolkBxH8    (0)    5 :  0.274 0.726 
262 VolkBxH9    (0)    5 :  0.518 0.482 
263 VolkBxH10    (0)    5 :  0.235 0.765 
264 VolkBxH11    (0)    5 :  0.222 0.778 
265 VolkBxH12    (0)    5 :  0.277 0.723 
266 VolkBxH13    (0)    5 :  0.213 0.787 
267 VolkBxH14    (0)    5 :  0.186 0.814 
268 VolkBxH15    (0)    5 :  0.198 0.802 
269 VolkBxH16    (0)    5 :  0.283 0.717 
270 VolkBxH17    (0)    5 :  0.277 0.723 
271 VolkBxH18    (0)    5 :  0.329 0.671 
272 VolkBxH19    (0)    5 :  0.291 0.709 
273 VolkBxH20    (0)    5 :  0.190 0.810 
274 VolkBxH21    (0)    5 :  0.288 0.712 
275 VolkBxH22    (0)    5 :  0.217 0.783 
276 VolkBxH23    (0)    5 :  0.299 0.701 
277 VolkBxH24    (0)    5 :  0.254 0.746 
278 VolkBxH25    (0)    5 :  0.272 0.728 
279 VolkBxH26    (0)    5 :  0.254 0.746 
280 VolkBxH27    (0)    5 :  0.089 0.911 
281 VolkBxH28    (0)    5 :  0.244 0.756 
282 VolkBxH29    (0)    5 :  0.302 0.698 
283 VolkBxH30    (0)    5 :  0.247 0.753 
284 VolkBxH31    (0)    5 :  0.308 0.692 
285 VolkBxH32    (0)    5 :  0.285 0.715 
286 VolkBxH33    (0)    5 :  0.267 0.733 
287 VolkBxH34    (0)    5 :  0.179 0.821 
288 VolkBxH35    (0)    5 :  0.380 0.620 
289 VolkBxH36    (0)    5 :  0.310 0.690 
290 VolkBxH37    (0)    5 :  0.154 0.846 
291 VolkBxH38    (0)    5 :  0.186 0.814 
292 VolkBxH39    (0)    5 :  0.269 0.731 
293 VolkBxH40    (0)    5 :  0.225 0.775 
294 VolkBxH41    (0)    5 :  0.268 0.732 
295 VolkBxH42    (0)    5 :  0.563 0.437 
296 VolkBxH43    (0)    5 :  0.223 0.777 
297 VolkBxH44    (0)    5 :  0.145 0.855 
298 VolkBxH45    (0)    5 :  0.201 0.799 
299 VolkBxH46    (0)    5 :  0.240 0.760 
300 VolkBxH47    (0)    5 :  0.180 0.820 
301 VolkBxH48    (0)    5 :  0.305 0.695 
302 VolkBxH49    (0)    5 :  0.293 0.707 
303 VolkBxH50    (0)    5 :  0.218 0.782 
304  PesBxH1    (0)    6 :  0.728 0.272 
305  PesBxH2    (0)    6 :  0.859 0.141 
306  PesBxH3    (0)    6 :  0.787 0.213 
307  PesBxH4    (0)    6 :  0.804 0.196 
308  PesBxH5    (0)    6 :  0.713 0.287 
309  PesBxH6    (0)    6 :  0.757 0.243 
310  PesBxH7    (0)    6 :  0.882 0.118 
311  PesBxH8    (0)    6 :  0.751 0.249 
312  PesBxH9    (0)    6 :  0.765 0.235 
313 PesBxH10    (0)    6 :  0.779 0.221 
314 PesBxH11    (0)    6 :  0.664 0.336 
315 PesBxH12    (0)    6 :  0.725 0.275 
316 PesBxH13    (0)    6 :  0.759 0.241 
317 PesBxH14    (0)    6 :  0.779 0.221 
318 PesBxH15    (0)    6 :  0.788 0.212 
319 PesBxH16    (0)    6 :  0.930 0.070 
320 PesBxH17    (0)    6 :  0.810 0.190 
321 PesBxH18    (0)    6 :  0.839 0.161 
322 PesBxH19    (0)    6 :  0.817 0.183 
323 PesBxH20    (0)    6 :  0.651 0.349 
324 PesBxH21    (0)    6 :  0.869 0.131 
325 PesBxH22    (0)    6 :  0.796 0.204 
326 PesBxH23    (0)    6 :  0.633 0.367 
327 PesBxH24    (0)    6 :  0.827 0.173 
328 PesBxH25    (0)    6 :  0.724 0.276 
329 PesBxH26    (0)    6 :  0.852 0.148 
330 PesBxH27    (0)    6 :  0.625 0.375 
331 PesBxH28    (0)    6 :  0.880 0.120 
332 PesBxH29    (0)    6 :  0.879 0.121 
333 PesBxH30    (0)    6 :  0.663 0.337 
334 PesBxH31    (0)    6 :  0.726 0.274 
335 PesBxH32    (0)    6 :  0.697 0.303 
336 PesBxH33    (0)    6 :  0.820 0.180 
337 PesBxH34    (0)    6 :  0.738 0.262 
338 PesBxH35    (0)    6 :  0.756 0.244 
339 PesBxH36    (0)    6 :  0.764 0.236 
340 PesBxH37    (0)    6 :  0.817 0.183 
341 PesBxH38    (0)    6 :  0.796 0.204 
342 PesBxH39    (0)    6 :  0.715 0.285 
343 PesBxH40    (0)    6 :  0.731 0.269 
344 PesBxH41    (0)    6 :  0.617 0.383 
345 PesBxH42    (0)    6 :  0.846 0.154 
346 PesBxH43    (0)    6 :  0.661 0.339 
347 PesBxH44    (0)    6 :  0.830 0.170 
348 PesBxH45    (0)    6 :  0.494 0.506 
349 PesBxH46    (0)    6 :  0.817 0.183 
350 PesBxH47    (0)    6 :  0.820 0.180 
351 PesBxH48    (0)    6 :  0.773 0.227 
352 PesBxH49    (0)    6 :  0.943 0.057 
353 PesBxH50    (0)    6 :  0.763 0.237 


Estimated Allele Frequencies in each cluster
First column gives estimated ancestral frequencies


Locus 1 : CPH9 
9 alleles
0.0% missing data
 144   (0.184) 0.077 0.552 
 162   (0.063) 0.006 0.108 
 164   (0.070) 0.006 0.198 
 150   (0.197) 0.295 0.026 
 142   (0.096) 0.022 0.094 
 140   (0.200) 0.412 0.016 
 148   (0.035) 0.002 0.002 
 152   (0.076) 0.079 0.002 
 154   (0.079) 0.101 0.001 

Locus 2 : CPH12 
7 alleles
0.0% missing data
 195   (0.458) 0.615 0.489 
 197   (0.088) 0.015 0.261 
 205   (0.246) 0.236 0.227 
 199   (0.043) 0.002 0.020 
 193   (0.081) 0.115 0.001 
 207   (0.040) 0.007 0.001 
 209   (0.044) 0.010 0.001 

Locus 3 : C20_253 
8 alleles
0.0% missing data
 100   (0.084) 0.012 0.244 
  94   (0.066) 0.006 0.208 
 102   (0.123) 0.045 0.146 
 104   (0.100) 0.020 0.243 
 108   (0.354) 0.651 0.136 
 110   (0.141) 0.168 0.019 
 106   (0.063) 0.059 0.001 
 112   (0.068) 0.039 0.003 

Locus 4 : C09_250 
11 alleles
0.0% missing data
 127   (0.073) 0.171 0.002 
 133   (0.177) 0.224 0.237 
 129   (0.032) 0.001 0.005 
 131   (0.099) 0.040 0.190 
 141   (0.112) 0.102 0.047 
 137   (0.182) 0.287 0.183 
 139   (0.096) 0.034 0.254 
 135   (0.086) 0.030 0.077 
 143   (0.067) 0.088 0.004 
 147   (0.036) 0.010 0.001 
 123   (0.040) 0.013 0.001 

Locus 5 : FH2010 
7 alleles
0.0% missing data
 228   (0.323) 0.328 0.399 
 232   (0.212) 0.145 0.294 
 216   (0.066) 0.005 0.240 
 220   (0.088) 0.018 0.056 
 212   (0.073) 0.043 0.003 
 236   (0.123) 0.265 0.004 
 224   (0.115) 0.195 0.004 

Locus 6 : CPH5 
6 alleles
0.3% missing data
 110   (0.225) 0.158 0.382 
 114   (0.369) 0.672 0.140 
 112   (0.130) 0.057 0.120 
 124   (0.094) 0.016 0.284 
 116   (0.147) 0.095 0.071 
 126   (0.035) 0.001 0.003 

Locus 7 : CPH7 
6 alleles
0.0% missing data
 163   (0.076) 0.040 0.006 
 165   (0.298) 0.286 0.599 
 169   (0.186) 0.193 0.099 
 171   (0.294) 0.394 0.262 
 167   (0.081) 0.019 0.032 
 161   (0.065) 0.067 0.001 

Locus 8 : Cxx_121 
13 alleles
0.0% missing data
  81   (0.051) 0.004 0.093 
 105   (0.130) 0.068 0.474 
 101   (0.121) 0.054 0.310 
  97   (0.117) 0.146 0.020 
  91   (0.058) 0.007 0.050 
  99   (0.114) 0.096 0.042 
 103   (0.118) 0.373 0.006 
 107   (0.065) 0.112 0.001 
 109   (0.067) 0.080 0.003 
  95   (0.056) 0.041 0.001 
 113   (0.039) 0.010 0.001 
  93   (0.034) 0.007 0.000 
 111   (0.031) 0.004 0.000 

Locus 9 : FH2137 
21 alleles
0.0% missing data
 171   (0.038) 0.003 0.142 
 173   (0.067) 0.063 0.018 
 179   (0.061) 0.024 0.094 
 163   (0.063) 0.022 0.198 
 167   (0.052) 0.011 0.102 
 161   (0.052) 0.013 0.140 
 183   (0.038) 0.004 0.090 
 169   (0.099) 0.189 0.113 
 175   (0.037) 0.002 0.086 
 165   (0.067) 0.106 0.009 
 151   (0.029) 0.010 0.000 
 181   (0.055) 0.192 0.001 
 188   (0.037) 0.036 0.001 
 185   (0.042) 0.071 0.001 
 168   (0.037) 0.039 0.001 
 177   (0.038) 0.036 0.000 
 156   (0.033) 0.017 0.001 
 159   (0.031) 0.010 0.000 
 164   (0.044) 0.074 0.001 
 176   (0.041) 0.044 0.002 
 157   (0.039) 0.036 0.001 

Locus 10 : CPH22 
4 alleles
0.3% missing data
 114   (0.128) 0.077 0.028 
 116   (0.090) 0.015 0.123 
 112   (0.546) 0.779 0.342 
 110   (0.236) 0.129 0.507 

Locus 11 : VWF 
8 alleles
0.0% missing data
 142   (0.077) 0.010 0.142 
 178   (0.079) 0.011 0.095 
 166   (0.269) 0.209 0.329 
 172   (0.156) 0.055 0.340 
 154   (0.064) 0.006 0.078 
 160   (0.225) 0.583 0.013 
 148   (0.089) 0.118 0.002 
 190   (0.041) 0.007 0.000 

Locus 12 : Cxx_123 
7 alleles
0.0% missing data
 143   (0.239) 0.305 0.279 
 151   (0.051) 0.004 0.067 
 141   (0.124) 0.059 0.183 
 145   (0.195) 0.208 0.213 
 147   (0.134) 0.099 0.103 
 139   (0.197) 0.317 0.080 
 131   (0.060) 0.008 0.076 

Locus 13 : CPH2 
9 alleles
0.3% missing data
 104   (0.100) 0.031 0.185 
 102   (0.077) 0.015 0.053 
  94   (0.150) 0.083 0.308 
 110   (0.078) 0.015 0.088 
 100   (0.070) 0.010 0.085 
  98   (0.116) 0.059 0.093 
  96   (0.270) 0.487 0.178 
 108   (0.043) 0.003 0.009 
 106   (0.095) 0.296 0.002 

Locus 14 : FH2004 
16 alleles
0.6% missing data
 175   (0.092) 0.040 0.199 
 115   (0.173) 0.233 0.354 
 151   (0.076) 0.018 0.229 
 147   (0.045) 0.003 0.098 
 111   (0.167) 0.303 0.104 
 171   (0.050) 0.007 0.008 
 179   (0.028) 0.001 0.002 
 194   (0.030) 0.004 0.000 
 119   (0.076) 0.232 0.002 
 169   (0.035) 0.010 0.000 
 123   (0.054) 0.076 0.001 
 183   (0.033) 0.007 0.000 
 191   (0.029) 0.004 0.000 
 187   (0.050) 0.054 0.001 
 203   (0.029) 0.004 0.000 
 107   (0.030) 0.004 0.000 

Locus 15 : FH2088 
9 alleles
0.8% missing data
  94   (0.046) 0.002 0.038 
 118   (0.167) 0.095 0.422 
 126   (0.199) 0.185 0.257 
 122   (0.116) 0.049 0.139 
 134   (0.187) 0.194 0.135 
 110   (0.076) 0.082 0.003 
 138   (0.056) 0.018 0.003 
 130   (0.116) 0.369 0.003 
 114   (0.037) 0.007 0.000 

Locus 16 : FH2096 
4 alleles
0.0% missing data
 102   (0.519) 0.526 0.707 
 106   (0.255) 0.404 0.038 
  98   (0.138) 0.041 0.244 
 110   (0.089) 0.029 0.012 

Locus 17 : CPH6 
12 alleles
0.0% missing data
 132   (0.143) 0.064 0.694 
 123   (0.156) 0.159 0.160 
 134   (0.077) 0.026 0.034 
 121   (0.119) 0.098 0.052 
 131   (0.096) 0.125 0.008 
 130   (0.068) 0.012 0.045 
 129   (0.100) 0.385 0.002 
 127   (0.054) 0.046 0.001 
 125   (0.046) 0.027 0.000 
 133   (0.055) 0.034 0.003 
 128   (0.037) 0.008 0.000 
 138   (0.047) 0.017 0.001 

Locus 18 : CPH4 
9 alleles
0.0% missing data
 146   (0.290) 0.469 0.162 
 149   (0.097) 0.029 0.076 
 150   (0.126) 0.040 0.408 
 154   (0.040) 0.001 0.023 
 144   (0.131) 0.050 0.302 
 148   (0.187) 0.349 0.027 
 142   (0.064) 0.053 0.002 
 134   (0.034) 0.004 0.000 
 140   (0.033) 0.004 0.000 

Locus 19 : REN169O18 
10 alleles
0.3% missing data
 162   (0.122) 0.081 0.070 
 164   (0.228) 0.196 0.622 
 166   (0.115) 0.067 0.091 
 156   (0.098) 0.029 0.165 
 160   (0.126) 0.155 0.024 
 168   (0.039) 0.002 0.018 
 158   (0.142) 0.403 0.009 
 154   (0.061) 0.056 0.001 
 170   (0.032) 0.004 0.000 
 174   (0.037) 0.007 0.000 

Locus 20 : REN54P11 
9 alleles
0.0% missing data
 237   (0.141) 0.052 0.600 
 241   (0.115) 0.052 0.088 
 233   (0.141) 0.112 0.077 
 227   (0.129) 0.319 0.007 
 235   (0.237) 0.335 0.158 
 239   (0.074) 0.013 0.068 
 229   (0.061) 0.050 0.001 
 223   (0.063) 0.056 0.002 
 231   (0.040) 0.010 0.000 

Locus 21 : INRA21 
7 alleles
0.3% missing data
  92   (0.232) 0.280 0.186 
  98   (0.288) 0.389 0.264 
  96   (0.252) 0.225 0.516 
  94   (0.094) 0.035 0.033 
  88   (0.056) 0.046 0.001 
 100   (0.046) 0.020 0.001 
  90   (0.033) 0.004 0.000 

Locus 22 : AHT137 
13 alleles
0.0% missing data
 146   (0.143) 0.179 0.255 
 134   (0.094) 0.060 0.124 
 148   (0.091) 0.052 0.143 
 132   (0.127) 0.122 0.258 
 142   (0.041) 0.002 0.079 
 124   (0.051) 0.007 0.075 
 150   (0.056) 0.023 0.006 
 140   (0.069) 0.034 0.013 
 138   (0.079) 0.043 0.031 
 144   (0.071) 0.043 0.013 
 130   (0.066) 0.224 0.001 
 136   (0.064) 0.138 0.001 
 152   (0.051) 0.071 0.001 

Locus 23 : REN169D01 
10 alleles
0.0% missing data
 204   (0.072) 0.009 0.345 
 214   (0.158) 0.094 0.239 
 198   (0.105) 0.027 0.238 
 216   (0.104) 0.041 0.061 
 212   (0.218) 0.406 0.053 
 200   (0.046) 0.002 0.053 
 208   (0.135) 0.314 0.007 
 206   (0.067) 0.076 0.001 
 220   (0.037) 0.007 0.000 
 210   (0.057) 0.024 0.003 

Locus 24 : AHTk253 
10 alleles
0.3% missing data
 280   (0.076) 0.008 0.431 
 288   (0.241) 0.566 0.032 
 284   (0.123) 0.041 0.274 
 286   (0.152) 0.099 0.129 
 290   (0.125) 0.056 0.121 
 298   (0.054) 0.010 0.006 
 294   (0.073) 0.042 0.004 
 292   (0.084) 0.166 0.001 
 282   (0.034) 0.004 0.000 
 296   (0.037) 0.007 0.000 

Locus 25 : FH2848 
9 alleles
2.0% missing data
 230   (0.153) 0.124 0.171 
 234   (0.140) 0.073 0.355 
 232   (0.147) 0.099 0.250 
 236   (0.173) 0.174 0.193 
 238   (0.168) 0.350 0.026 
 240   (0.071) 0.089 0.002 
 226   (0.039) 0.011 0.000 
 242   (0.058) 0.054 0.001 
 228   (0.051) 0.027 0.001 

Locus 26 : REN162C04 
10 alleles
1.7% missing data
 196   (0.063) 0.006 0.159 
 202   (0.255) 0.209 0.694 
 208   (0.075) 0.060 0.004 
 206   (0.156) 0.222 0.023 
 200   (0.142) 0.117 0.056 
 190   (0.050) 0.003 0.050 
 198   (0.040) 0.002 0.010 
 212   (0.086) 0.166 0.001 
 186   (0.038) 0.008 0.000 
 204   (0.096) 0.207 0.002 

Locus 27 : REN247M23 
8 alleles
3.4% missing data
 267   (0.064) 0.005 0.235 
 271   (0.246) 0.277 0.187 
 273   (0.196) 0.170 0.192 
 281   (0.070) 0.008 0.170 
 277   (0.096) 0.023 0.107 
 279   (0.098) 0.026 0.074 
 275   (0.093) 0.028 0.032 
 269   (0.138) 0.461 0.003 

Locus 28 : INU055 
7 alleles
0.0% missing data
 198   (0.292) 0.326 0.472 
 200   (0.129) 0.053 0.262 
 202   (0.193) 0.173 0.198 
 208   (0.125) 0.098 0.034 
 204   (0.113) 0.075 0.031 
 206   (0.101) 0.256 0.002 
 196   (0.047) 0.020 0.001 

Locus 29 : AHTh260 
14 alleles
0.0% missing data
 231   (0.043) 0.003 0.089 
 248   (0.101) 0.056 0.187 
 266   (0.038) 0.002 0.041 
 238   (0.095) 0.044 0.211 
 243   (0.042) 0.002 0.116 
 244   (0.135) 0.186 0.109 
 236   (0.165) 0.282 0.177 
 242   (0.088) 0.053 0.053 
 245   (0.034) 0.002 0.008 
 230   (0.029) 0.001 0.003 
 246   (0.065) 0.115 0.002 
 240   (0.069) 0.179 0.002 
 250   (0.044) 0.034 0.001 
 252   (0.051) 0.042 0.002 

Locus 30 : INU030 
6 alleles
0.0% missing data
 143   (0.219) 0.163 0.272 
 145   (0.248) 0.195 0.387 
 147   (0.104) 0.025 0.167 
 149   (0.267) 0.419 0.079 
 139   (0.059) 0.005 0.093 
 151   (0.103) 0.193 0.003 

Locus 31 : AHTk211 
6 alleles
0.0% missing data
  89   (0.282) 0.172 0.573 
  91   (0.125) 0.029 0.286 
  93   (0.175) 0.262 0.014 
  85   (0.236) 0.214 0.124 
  87   (0.126) 0.292 0.003 
  95   (0.057) 0.030 0.001 

Locus 32 : CPH8 
8 alleles
0.0% missing data
 212   (0.122) 0.065 0.132 
 218   (0.049) 0.003 0.077 
 214   (0.189) 0.154 0.397 
 210   (0.123) 0.096 0.055 
 208   (0.279) 0.405 0.316 
 200   (0.142) 0.236 0.020 
 202   (0.047) 0.019 0.001 
 216   (0.048) 0.023 0.001 

Locus 33 : CXX279 
10 alleles
0.3% missing data
 124   (0.139) 0.155 0.094 
 128   (0.155) 0.125 0.371 
 118   (0.144) 0.120 0.233 
 126   (0.062) 0.010 0.034 
 134   (0.054) 0.006 0.057 
 122   (0.159) 0.178 0.192 
 114   (0.107) 0.210 0.009 
 116   (0.097) 0.137 0.009 
 106   (0.031) 0.004 0.000 
 120   (0.052) 0.055 0.001 

Locus 34 : FH2145 
18 alleles
2.3% missing data
 281   (0.061) 0.012 0.155 
 282   (0.166) 0.278 0.569 
 294   (0.083) 0.055 0.048 
 285   (0.052) 0.008 0.069 
 286   (0.059) 0.071 0.005 
 283   (0.078) 0.071 0.024 
 287   (0.046) 0.005 0.100 
 288   (0.032) 0.001 0.019 
 290   (0.068) 0.126 0.006 
 272   (0.055) 0.136 0.001 
 276   (0.057) 0.134 0.001 
 280   (0.036) 0.020 0.000 
 289   (0.039) 0.016 0.001 
 284   (0.035) 0.016 0.000 
 302   (0.032) 0.007 0.000 
 278   (0.032) 0.010 0.000 
 291   (0.029) 0.007 0.000 
 298   (0.041) 0.026 0.001 

Values of parameters used in structure:
DATAFILE=C:\Users\Bing\Documents\R\VajeHibridiStruktura\BACKUP\VolkPesStructure_Hibridi\project_data,	OUTFILE=C:\Users\Bing\Documents\R\VajeHibridiStruktura\BACKUP\VolkPesStructure_Hibridi\Paremetri1\Results\Paremetri1_run_9,	NUMINDS=353,	NUMLOCI=34,	MISSING=-9,	LABEL=1,	POPDATA=1,	POPFLAG=0,	PHENOTYPE=0,	EXTRACOLS=0,	MAXPOPS=2,	BURNIN=10000,	NUMREPS=50000,	USEPOPINFO=0,	INFERALPHA=1,	INFERLAMBDA=0,	POPSPECIFICLAMBDA=0,	POPALPHAS=0,	COMPUTEPROB=1,	NOADMIX=0,	ADMBURNIN=2500,	UPDATEFREQ=1,	PRINTLIKES=0,	INTERMEDSAVE=0,	PRINTKLD=0,	PRINTNET=0,	PRINTLAMBDA=0,	ANCESTDIST=0,	NUMBOXES=1000,	ANCESTPINT=0.90000,	GENSBACK=2,	MIGRPRIOR=0.05000,	PRINTQHAT=0,	PRINTQSUM=0,	ALPHA=1.0000,	FREQSCORR=1,	FPRIORMEAN=0.0100,	FPRIORSD=0.0500,	ONEFST=0,	LAMBDA=1.0000,	UNIFPRIORALPHA=1,	ALPHAMAX=10.0000,	ALPHAPRIORA=1.0000,	ALPHAPRIORB=2.0000,	ALPHAPROPSD=0.0250,	STARTATPOPINFO=0,	RANDOMIZE=1,	LINKAGE=0,	METROFREQ=10,	REPORTHITRATE=0,	MARKOVPHASE=-1,	PHASED=0,	PLOIDY=2,	PHASEINFO=0	LOCPRIOR=0, 	LOCPRIORINIT=1.000000, 	LOCDATA=0, 	LOCISPOP=0, 	LOCPRIORSTEP=0.100000, 	MAXLOCPRIOR=20.000000, 	SEED=1418388211,	
[STRAT parameters]:    NUMSIMSTATS=1000,	PHENOTYPECOL=-9,	POOLFREQ=10,	LOCUSxONLY=0,	EMERROR=0.00100,	MISSINGPHENO=-9,	