

----------------------------------------------------
STRUCTURE by Pritchard, Stephens and Donnelly (2000)
     and Falush, Stephens and Pritchard (2003)
       Code by Pritchard, Falush and Hubisz
             Version 2.3.4 (Jul 2012)
----------------------------------------------------



Command line arguments:   bin\structure -m C:\Users\Bing\Documents\R\VajeHibridiStruktura\BACKUP\VolkPesStructure_Hibridi\Paremetri1\mainparams -e C:\Users\Bing\Documents\R\VajeHibridiStruktura\BACKUP\VolkPesStructure_Hibridi\Paremetri1\extraparams 
Input File:    C:\Users\Bing\Documents\R\VajeHibridiStruktura\BACKUP\VolkPesStructure_Hibridi\project_data

Run parameters:
   353 individuals
   34 loci
   2 populations assumed
   10000 Burn-in period
   50000 Reps


--------------------------------------------
Proportion of membership of each pre-defined
 population in each of the 2 clusters

Given    Inferred Clusters       Number of
 Pop       1      2             Individuals

  1:     0.971  0.029             100
  2:     0.046  0.954              53
  3:     0.492  0.508              50
  4:     0.472  0.528              50
  5:     0.742  0.258              50
  6:     0.231  0.769              50
--------------------------------------------

Allele-freq. divergence among pops (Net nucleotide distance),
computed using point estimates of P.

      1       2      
 1      -    0.1402  
 2   0.1402     -    

Average distances (expected heterozygosity) between individuals in same cluster:
cluster  1  : 0.6932 
cluster  2  : 0.7226 

--------------------------------------------
Estimated Ln Prob of Data   = -39065.9
Mean value of ln likelihood = -38838.2
Variance of ln likelihood   = 455.4
Mean value of alpha         = 0.4289

Mean value of Fst_1         = 0.2123
Mean value of Fst_2         = 0.0937


Inferred ancestry of individuals:
        Label (%Miss) Pop:  Inferred clusters
  1      537    (0)    1 :  0.936 0.064 
  2      509    (0)    1 :  0.963 0.037 
  3      514   (14)    1 :  0.984 0.016 
  4      577    (8)    1 :  0.965 0.035 
  5      597    (8)    1 :  0.931 0.069 
  6      513    (2)    1 :  0.985 0.015 
  7      501    (0)    1 :  0.986 0.014 
  8      563    (0)    1 :  0.960 0.040 
  9      674    (0)    1 :  0.968 0.032 
 10      758    (0)    1 :  0.971 0.029 
 11      591    (0)    1 :  0.949 0.051 
 12      526    (0)    1 :  0.976 0.024 
 13      587    (0)    1 :  0.983 0.017 
 14      643    (0)    1 :  0.982 0.018 
 15      756    (0)    1 :  0.980 0.020 
 16      599    (0)    1 :  0.983 0.017 
 17      521    (0)    1 :  0.964 0.036 
 18      579    (0)    1 :  0.985 0.015 
 19      500    (0)    1 :  0.978 0.022 
 20      673    (0)    1 :  0.970 0.030 
 21      755    (0)    1 :  0.977 0.023 
 22      694    (0)    1 :  0.977 0.023 
 23      497    (0)    1 :  0.985 0.015 
 24      498    (0)    1 :  0.977 0.023 
 25      544    (0)    1 :  0.985 0.015 
 26      545    (0)    1 :  0.985 0.015 
 27      588    (0)    1 :  0.975 0.025 
 28      665    (0)    1 :  0.921 0.079 
 29      556    (0)    1 :  0.988 0.012 
 30      677    (0)    1 :  0.960 0.040 
 31      624    (0)    1 :  0.912 0.088 
 32      517    (8)    1 :  0.987 0.013 
 33      540    (0)    1 :  0.964 0.036 
 34      602    (0)    1 :  0.955 0.045 
 35      496    (0)    1 :  0.956 0.044 
 36      617    (0)    1 :  0.977 0.023 
 37      603    (0)    1 :  0.969 0.031 
 38      557    (0)    1 :  0.953 0.047 
 39      640    (0)    1 :  0.944 0.056 
 40      516    (0)    1 :  0.978 0.022 
 41      698    (0)    1 :  0.964 0.036 
 42      696    (0)    1 :  0.976 0.024 
 43      701    (0)    1 :  0.981 0.019 
 44      751    (0)    1 :  0.977 0.023 
 45      590    (0)    1 :  0.968 0.032 
 46      679    (0)    1 :  0.980 0.020 
 47      671    (0)    1 :  0.981 0.019 
 48      586    (0)    1 :  0.985 0.015 
 49      558    (0)    1 :  0.985 0.015 
 50      611    (0)    1 :  0.986 0.014 
 51      684    (0)    1 :  0.988 0.012 
 52      531    (0)    1 :  0.986 0.014 
 53      632    (0)    1 :  0.981 0.019 
 54      702    (0)    1 :  0.981 0.019 
 55      651    (0)    1 :  0.982 0.018 
 56      618    (0)    1 :  0.987 0.013 
 57      598    (0)    1 :  0.986 0.014 
 58      662    (0)    1 :  0.979 0.021 
 59      760    (0)    1 :  0.985 0.015 
 60      654    (0)    1 :  0.986 0.014 
 61      606    (0)    1 :  0.986 0.014 
 62      700    (0)    1 :  0.979 0.021 
 63      614    (0)    1 :  0.988 0.012 
 64      633    (0)    1 :  0.988 0.012 
 65      538    (0)    1 :  0.988 0.012 
 66      669    (0)    1 :  0.937 0.063 
 67      686    (0)    1 :  0.985 0.015 
 68      629    (0)    1 :  0.982 0.018 
 69      649    (0)    1 :  0.987 0.013 
 70      675    (0)    1 :  0.987 0.013 
 71      592    (0)    1 :  0.987 0.013 
 72      622    (0)    1 :  0.942 0.058 
 73      644    (0)    1 :  0.966 0.034 
 74      703    (0)    1 :  0.936 0.064 
 75      619    (0)    1 :  0.984 0.016 
 76      578    (8)    1 :  0.964 0.036 
 77      523    (5)    1 :  0.985 0.015 
 78      555    (5)    1 :  0.970 0.030 
 79      659    (0)    1 :  0.915 0.085 
 80      693    (0)    1 :  0.934 0.066 
 81      683    (0)    1 :  0.952 0.048 
 82      574    (0)    1 :  0.968 0.032 
 83      502    (0)    1 :  0.954 0.046 
 84      653    (0)    1 :  0.948 0.052 
 85      600    (0)    1 :  0.954 0.046 
 86      553    (0)    1 :  0.976 0.024 
 87      608    (0)    1 :  0.975 0.025 
 88      630    (0)    1 :  0.956 0.044 
 89      604    (0)    1 :  0.963 0.037 
 90      571    (0)    1 :  0.975 0.025 
 91      503    (0)    1 :  0.973 0.027 
 92      647    (0)    1 :  0.935 0.065 
 93      620    (0)    1 :  0.981 0.019 
 94      528    (0)    1 :  0.982 0.018 
 95      625    (0)    1 :  0.973 0.027 
 96      589    (0)    1 :  0.977 0.023 
 97      594    (0)    1 :  0.983 0.017 
 98      551    (0)    1 :  0.982 0.018 
 99      533    (0)    1 :  0.987 0.013 
100      471    (0)    1 :  0.972 0.028 
101      780    (0)    2 :  0.034 0.966 
102      601    (0)    2 :  0.025 0.975 
103  AP.086T    (2)    2 :  0.015 0.985 
104  AX.0CFU    (0)    2 :  0.025 0.975 
105  EE.14PL    (0)    2 :  0.055 0.945 
106  CT.0YJ3   (14)    2 :  0.027 0.973 
107  CT.0YEP    (8)    2 :  0.010 0.990 
108  CT.0YFL    (8)    2 :  0.030 0.970 
109  CT.0YFU    (5)    2 :  0.012 0.988 
110  CT.0YHC    (5)    2 :  0.018 0.982 
111  CT.0YEU    (5)    2 :  0.084 0.916 
112  CT.0YKM    (5)    2 :  0.209 0.791 
113  CT.0YJX    (2)    2 :  0.025 0.975 
114  CT.0YEM    (2)    2 :  0.066 0.934 
115  CT.0YFX    (2)    2 :  0.062 0.938 
116  CT.0YE7    (0)    2 :  0.016 0.984 
117  CT.0YCE    (0)    2 :  0.019 0.981 
118  CT.0YFP    (0)    2 :  0.019 0.981 
119  CT.0YFM    (0)    2 :  0.019 0.981 
120  CT.0YCY    (0)    2 :  0.014 0.986 
121  CT.0YCP    (0)    2 :  0.020 0.980 
122  CT.0YH1    (0)    2 :  0.018 0.982 
123  CT.0YJY    (0)    2 :  0.021 0.979 
124  CT.0YEF    (0)    2 :  0.013 0.987 
125  CT.0YK7    (0)    2 :  0.021 0.979 
126  CT.0YEL    (0)    2 :  0.013 0.987 
127  CT.0YFT    (0)    2 :  0.017 0.983 
128  CT.0YF3    (0)    2 :  0.031 0.969 
129  CT.0YCT    (0)    2 :  0.025 0.975 
130  CT.0YFA    (0)    2 :  0.025 0.975 
131  CT.0YFH    (0)    2 :  0.022 0.978 
132  CT.0YEC    (0)    2 :  0.038 0.962 
133  CT.0YEY    (0)    2 :  0.032 0.968 
134  CT.0YCM    (0)    2 :  0.028 0.972 
135  CT.0YE3    (0)    2 :  0.053 0.947 
136  CT.0YF2    (0)    2 :  0.024 0.976 
137  CT.0YK3    (0)    2 :  0.042 0.958 
138  CT.0YCL    (0)    2 :  0.058 0.942 
139  CT.0YFE    (0)    2 :  0.034 0.966 
140  CT.0YHH    (0)    2 :  0.019 0.981 
141  CT.0YF8    (0)    2 :  0.028 0.972 
142  CT.0YF1    (0)    2 :  0.045 0.955 
143  CT.0YE2    (0)    2 :  0.054 0.946 
144  CT.0YHP    (0)    2 :  0.075 0.925 
145  CT.0YEA    (0)    2 :  0.048 0.952 
146  CT.0YJC    (0)    2 :  0.046 0.954 
147  CT.0YEJ    (0)    2 :  0.042 0.958 
148  CT.0YKH    (0)    2 :  0.052 0.948 
149  CT.0YF0    (0)    2 :  0.120 0.880 
150  AH.02UT    (0)    2 :  0.166 0.834 
151  AH.02X0    (0)    2 :  0.224 0.776 
152      779    (0)    2 :  0.020 0.980 
153      542    (0)    2 :  0.199 0.801 
154     F1H1    (0)    3 :  0.437 0.563 
155     F1H2    (0)    3 :  0.530 0.470 
156     F1H3    (0)    3 :  0.438 0.562 
157     F1H4    (0)    3 :  0.533 0.467 
158     F1H5    (0)    3 :  0.509 0.491 
159     F1H6    (0)    3 :  0.550 0.450 
160     F1H7    (0)    3 :  0.466 0.534 
161     F1H8    (0)    3 :  0.477 0.523 
162     F1H9    (0)    3 :  0.452 0.548 
163    F1H10    (0)    3 :  0.463 0.537 
164    F1H11    (0)    3 :  0.440 0.560 
165    F1H12    (0)    3 :  0.607 0.393 
166    F1H13    (0)    3 :  0.584 0.416 
167    F1H14    (0)    3 :  0.500 0.500 
168    F1H15    (0)    3 :  0.515 0.485 
169    F1H16    (0)    3 :  0.474 0.526 
170    F1H17    (0)    3 :  0.456 0.544 
171    F1H18    (0)    3 :  0.439 0.561 
172    F1H19    (0)    3 :  0.497 0.503 
173    F1H20    (0)    3 :  0.461 0.539 
174    F1H21    (0)    3 :  0.515 0.485 
175    F1H22    (0)    3 :  0.573 0.427 
176    F1H23    (0)    3 :  0.567 0.433 
177    F1H24    (0)    3 :  0.556 0.444 
178    F1H25    (0)    3 :  0.506 0.494 
179    F1H26    (0)    3 :  0.475 0.525 
180    F1H27    (0)    3 :  0.417 0.583 
181    F1H28    (0)    3 :  0.529 0.471 
182    F1H29    (0)    3 :  0.516 0.484 
183    F1H30    (0)    3 :  0.479 0.521 
184    F1H31    (0)    3 :  0.528 0.472 
185    F1H32    (0)    3 :  0.458 0.542 
186    F1H33    (0)    3 :  0.577 0.423 
187    F1H34    (0)    3 :  0.465 0.535 
188    F1H35    (0)    3 :  0.452 0.548 
189    F1H36    (0)    3 :  0.495 0.505 
190    F1H37    (0)    3 :  0.420 0.580 
191    F1H38    (0)    3 :  0.609 0.391 
192    F1H39    (0)    3 :  0.414 0.586 
193    F1H40    (0)    3 :  0.370 0.630 
194    F1H41    (0)    3 :  0.405 0.595 
195    F1H42    (0)    3 :  0.473 0.527 
196    F1H43    (0)    3 :  0.502 0.498 
197    F1H44    (0)    3 :  0.598 0.402 
198    F1H45    (0)    3 :  0.532 0.468 
199    F1H46    (0)    3 :  0.437 0.563 
200    F1H47    (0)    3 :  0.447 0.553 
201    F1H48    (0)    3 :  0.456 0.544 
202    F1H49    (0)    3 :  0.430 0.570 
203    F1H50    (0)    3 :  0.571 0.429 
204     F2H1    (0)    4 :  0.520 0.480 
205     F2H2    (0)    4 :  0.354 0.646 
206     F2H3    (0)    4 :  0.633 0.367 
207     F2H4    (0)    4 :  0.557 0.443 
208     F2H5    (0)    4 :  0.456 0.544 
209     F2H6    (0)    4 :  0.399 0.601 
210     F2H7    (0)    4 :  0.411 0.589 
211     F2H8    (0)    4 :  0.380 0.620 
212     F2H9    (0)    4 :  0.345 0.655 
213    F2H10    (0)    4 :  0.664 0.336 
214    F2H11    (0)    4 :  0.400 0.600 
215    F2H12    (0)    4 :  0.388 0.612 
216    F2H13    (0)    4 :  0.501 0.499 
217    F2H14    (0)    4 :  0.567 0.433 
218    F2H15    (0)    4 :  0.455 0.545 
219    F2H16    (0)    4 :  0.605 0.395 
220    F2H17    (0)    4 :  0.425 0.575 
221    F2H18    (0)    4 :  0.431 0.569 
222    F2H19    (0)    4 :  0.651 0.349 
223    F2H20    (0)    4 :  0.400 0.600 
224    F2H21    (0)    4 :  0.508 0.492 
225    F2H22    (0)    4 :  0.580 0.420 
226    F2H23    (0)    4 :  0.373 0.627 
227    F2H24    (0)    4 :  0.397 0.603 
228    F2H25    (0)    4 :  0.618 0.382 
229    F2H26    (0)    4 :  0.472 0.528 
230    F2H27    (0)    4 :  0.528 0.472 
231    F2H28    (0)    4 :  0.573 0.427 
232    F2H29    (0)    4 :  0.525 0.475 
233    F2H30    (0)    4 :  0.281 0.719 
234    F2H31    (0)    4 :  0.597 0.403 
235    F2H32    (0)    4 :  0.426 0.574 
236    F2H33    (0)    4 :  0.435 0.565 
237    F2H34    (0)    4 :  0.457 0.543 
238    F2H35    (0)    4 :  0.568 0.432 
239    F2H36    (0)    4 :  0.359 0.641 
240    F2H37    (0)    4 :  0.477 0.523 
241    F2H38    (0)    4 :  0.489 0.511 
242    F2H39    (0)    4 :  0.368 0.632 
243    F2H40    (0)    4 :  0.541 0.459 
244    F2H41    (0)    4 :  0.429 0.571 
245    F2H42    (0)    4 :  0.291 0.709 
246    F2H43    (0)    4 :  0.418 0.582 
247    F2H44    (0)    4 :  0.477 0.523 
248    F2H45    (0)    4 :  0.542 0.458 
249    F2H46    (0)    4 :  0.609 0.391 
250    F2H47    (0)    4 :  0.512 0.488 
251    F2H48    (0)    4 :  0.431 0.569 
252    F2H49    (0)    4 :  0.428 0.572 
253    F2H50    (0)    4 :  0.355 0.645 
254 VolkBxH1    (0)    5 :  0.717 0.283 
255 VolkBxH2    (0)    5 :  0.669 0.331 
256 VolkBxH3    (0)    5 :  0.735 0.265 
257 VolkBxH4    (0)    5 :  0.699 0.301 
258 VolkBxH5    (0)    5 :  0.841 0.159 
259 VolkBxH6    (0)    5 :  0.710 0.290 
260 VolkBxH7    (0)    5 :  0.879 0.121 
261 VolkBxH8    (0)    5 :  0.726 0.274 
262 VolkBxH9    (0)    5 :  0.483 0.517 
263 VolkBxH10    (0)    5 :  0.764 0.236 
264 VolkBxH11    (0)    5 :  0.778 0.222 
265 VolkBxH12    (0)    5 :  0.724 0.276 
266 VolkBxH13    (0)    5 :  0.787 0.213 
267 VolkBxH14    (0)    5 :  0.815 0.185 
268 VolkBxH15    (0)    5 :  0.804 0.196 
269 VolkBxH16    (0)    5 :  0.717 0.283 
270 VolkBxH17    (0)    5 :  0.722 0.278 
271 VolkBxH18    (0)    5 :  0.673 0.327 
272 VolkBxH19    (0)    5 :  0.710 0.290 
273 VolkBxH20    (0)    5 :  0.809 0.191 
274 VolkBxH21    (0)    5 :  0.713 0.287 
275 VolkBxH22    (0)    5 :  0.782 0.218 
276 VolkBxH23    (0)    5 :  0.701 0.299 
277 VolkBxH24    (0)    5 :  0.746 0.254 
278 VolkBxH25    (0)    5 :  0.730 0.270 
279 VolkBxH26    (0)    5 :  0.745 0.255 
280 VolkBxH27    (0)    5 :  0.911 0.089 
281 VolkBxH28    (0)    5 :  0.756 0.244 
282 VolkBxH29    (0)    5 :  0.696 0.304 
283 VolkBxH30    (0)    5 :  0.751 0.249 
284 VolkBxH31    (0)    5 :  0.692 0.308 
285 VolkBxH32    (0)    5 :  0.716 0.284 
286 VolkBxH33    (0)    5 :  0.734 0.266 
287 VolkBxH34    (0)    5 :  0.821 0.179 
288 VolkBxH35    (0)    5 :  0.619 0.381 
289 VolkBxH36    (0)    5 :  0.690 0.310 
290 VolkBxH37    (0)    5 :  0.846 0.154 
291 VolkBxH38    (0)    5 :  0.814 0.186 
292 VolkBxH39    (0)    5 :  0.731 0.269 
293 VolkBxH40    (0)    5 :  0.774 0.226 
294 VolkBxH41    (0)    5 :  0.734 0.266 
295 VolkBxH42    (0)    5 :  0.435 0.565 
296 VolkBxH43    (0)    5 :  0.776 0.224 
297 VolkBxH44    (0)    5 :  0.855 0.145 
298 VolkBxH45    (0)    5 :  0.801 0.199 
299 VolkBxH46    (0)    5 :  0.760 0.240 
300 VolkBxH47    (0)    5 :  0.819 0.181 
301 VolkBxH48    (0)    5 :  0.696 0.304 
302 VolkBxH49    (0)    5 :  0.708 0.292 
303 VolkBxH50    (0)    5 :  0.781 0.219 
304  PesBxH1    (0)    6 :  0.276 0.724 
305  PesBxH2    (0)    6 :  0.142 0.858 
306  PesBxH3    (0)    6 :  0.212 0.788 
307  PesBxH4    (0)    6 :  0.194 0.806 
308  PesBxH5    (0)    6 :  0.289 0.711 
309  PesBxH6    (0)    6 :  0.245 0.755 
310  PesBxH7    (0)    6 :  0.120 0.880 
311  PesBxH8    (0)    6 :  0.250 0.750 
312  PesBxH9    (0)    6 :  0.235 0.765 
313 PesBxH10    (0)    6 :  0.222 0.778 
314 PesBxH11    (0)    6 :  0.335 0.665 
315 PesBxH12    (0)    6 :  0.276 0.724 
316 PesBxH13    (0)    6 :  0.238 0.762 
317 PesBxH14    (0)    6 :  0.225 0.775 
318 PesBxH15    (0)    6 :  0.213 0.787 
319 PesBxH16    (0)    6 :  0.072 0.928 
320 PesBxH17    (0)    6 :  0.191 0.809 
321 PesBxH18    (0)    6 :  0.159 0.841 
322 PesBxH19    (0)    6 :  0.183 0.817 
323 PesBxH20    (0)    6 :  0.350 0.650 
324 PesBxH21    (0)    6 :  0.131 0.869 
325 PesBxH22    (0)    6 :  0.205 0.795 
326 PesBxH23    (0)    6 :  0.368 0.632 
327 PesBxH24    (0)    6 :  0.172 0.828 
328 PesBxH25    (0)    6 :  0.276 0.724 
329 PesBxH26    (0)    6 :  0.149 0.851 
330 PesBxH27    (0)    6 :  0.376 0.624 
331 PesBxH28    (0)    6 :  0.123 0.877 
332 PesBxH29    (0)    6 :  0.121 0.879 
333 PesBxH30    (0)    6 :  0.337 0.663 
334 PesBxH31    (0)    6 :  0.274 0.726 
335 PesBxH32    (0)    6 :  0.303 0.697 
336 PesBxH33    (0)    6 :  0.181 0.819 
337 PesBxH34    (0)    6 :  0.264 0.736 
338 PesBxH35    (0)    6 :  0.245 0.755 
339 PesBxH36    (0)    6 :  0.235 0.765 
340 PesBxH37    (0)    6 :  0.184 0.816 
341 PesBxH38    (0)    6 :  0.203 0.797 
342 PesBxH39    (0)    6 :  0.286 0.714 
343 PesBxH40    (0)    6 :  0.271 0.729 
344 PesBxH41    (0)    6 :  0.383 0.617 
345 PesBxH42    (0)    6 :  0.153 0.847 
346 PesBxH43    (0)    6 :  0.336 0.664 
347 PesBxH44    (0)    6 :  0.169 0.831 
348 PesBxH45    (0)    6 :  0.507 0.493 
349 PesBxH46    (0)    6 :  0.184 0.816 
350 PesBxH47    (0)    6 :  0.183 0.817 
351 PesBxH48    (0)    6 :  0.228 0.772 
352 PesBxH49    (0)    6 :  0.058 0.942 
353 PesBxH50    (0)    6 :  0.235 0.765 


Estimated Allele Frequencies in each cluster
First column gives estimated ancestral frequencies


Locus 1 : CPH9 
9 alleles
0.0% missing data
 144   (0.182) 0.552 0.077 
 162   (0.065) 0.108 0.006 
 164   (0.071) 0.199 0.006 
 150   (0.195) 0.026 0.295 
 142   (0.097) 0.094 0.022 
 140   (0.201) 0.016 0.412 
 148   (0.035) 0.002 0.002 
 152   (0.075) 0.002 0.079 
 154   (0.079) 0.001 0.101 

Locus 2 : CPH12 
7 alleles
0.0% missing data
 195   (0.456) 0.490 0.614 
 197   (0.090) 0.261 0.015 
 205   (0.248) 0.227 0.237 
 199   (0.044) 0.020 0.002 
 193   (0.080) 0.001 0.115 
 207   (0.039) 0.001 0.007 
 209   (0.044) 0.001 0.010 

Locus 3 : C20_253 
8 alleles
0.0% missing data
 100   (0.083) 0.244 0.012 
  94   (0.065) 0.208 0.006 
 102   (0.126) 0.145 0.045 
 104   (0.101) 0.243 0.020 
 108   (0.354) 0.136 0.651 
 110   (0.142) 0.020 0.167 
 106   (0.063) 0.001 0.059 
 112   (0.066) 0.003 0.039 

Locus 4 : C09_250 
11 alleles
0.0% missing data
 127   (0.076) 0.002 0.171 
 133   (0.172) 0.237 0.224 
 129   (0.032) 0.005 0.001 
 131   (0.099) 0.190 0.040 
 141   (0.112) 0.047 0.102 
 137   (0.184) 0.184 0.287 
 139   (0.095) 0.253 0.034 
 135   (0.085) 0.077 0.030 
 143   (0.068) 0.004 0.088 
 147   (0.037) 0.001 0.010 
 123   (0.040) 0.001 0.013 

Locus 5 : FH2010 
7 alleles
0.0% missing data
 228   (0.327) 0.399 0.329 
 232   (0.212) 0.295 0.145 
 216   (0.064) 0.239 0.005 
 220   (0.087) 0.056 0.018 
 212   (0.072) 0.003 0.043 
 236   (0.123) 0.004 0.265 
 224   (0.114) 0.004 0.195 

Locus 6 : CPH5 
6 alleles
0.3% missing data
 110   (0.223) 0.382 0.158 
 114   (0.371) 0.140 0.672 
 112   (0.133) 0.120 0.058 
 124   (0.095) 0.284 0.016 
 116   (0.144) 0.071 0.095 
 126   (0.034) 0.003 0.001 

Locus 7 : CPH7 
6 alleles
0.0% missing data
 163   (0.077) 0.006 0.039 
 165   (0.296) 0.599 0.287 
 169   (0.183) 0.099 0.193 
 171   (0.299) 0.262 0.394 
 167   (0.080) 0.032 0.019 
 161   (0.065) 0.001 0.067 

Locus 8 : Cxx_121 
13 alleles
0.0% missing data
  81   (0.050) 0.093 0.004 
 105   (0.137) 0.474 0.068 
 101   (0.112) 0.310 0.053 
  97   (0.118) 0.020 0.146 
  91   (0.056) 0.050 0.007 
  99   (0.118) 0.042 0.096 
 103   (0.114) 0.005 0.373 
 107   (0.068) 0.001 0.112 
 109   (0.067) 0.003 0.080 
  95   (0.055) 0.001 0.041 
 113   (0.040) 0.001 0.010 
  93   (0.036) 0.000 0.007 
 111   (0.030) 0.000 0.004 

Locus 9 : FH2137 
21 alleles
0.0% missing data
 171   (0.036) 0.142 0.003 
 173   (0.069) 0.018 0.063 
 179   (0.061) 0.094 0.024 
 163   (0.060) 0.198 0.021 
 167   (0.051) 0.102 0.011 
 161   (0.051) 0.140 0.013 
 183   (0.037) 0.090 0.003 
 169   (0.102) 0.113 0.189 
 175   (0.035) 0.086 0.002 
 165   (0.062) 0.008 0.107 
 151   (0.031) 0.000 0.010 
 181   (0.054) 0.001 0.192 
 188   (0.038) 0.001 0.036 
 185   (0.046) 0.001 0.071 
 168   (0.040) 0.001 0.039 
 177   (0.039) 0.000 0.036 
 156   (0.033) 0.001 0.016 
 159   (0.031) 0.000 0.010 
 164   (0.042) 0.001 0.074 
 176   (0.045) 0.002 0.044 
 157   (0.038) 0.001 0.036 

Locus 10 : CPH22 
4 alleles
0.3% missing data
 114   (0.129) 0.028 0.077 
 116   (0.090) 0.123 0.015 
 112   (0.547) 0.342 0.779 
 110   (0.235) 0.507 0.128 

Locus 11 : VWF 
8 alleles
0.0% missing data
 142   (0.077) 0.142 0.010 
 178   (0.077) 0.096 0.010 
 166   (0.266) 0.329 0.209 
 172   (0.159) 0.340 0.056 
 154   (0.064) 0.078 0.006 
 160   (0.226) 0.013 0.583 
 148   (0.091) 0.002 0.118 
 190   (0.040) 0.000 0.007 

Locus 12 : Cxx_123 
7 alleles
0.0% missing data
 143   (0.238) 0.279 0.305 
 151   (0.051) 0.067 0.004 
 141   (0.124) 0.183 0.059 
 145   (0.193) 0.213 0.208 
 147   (0.136) 0.103 0.099 
 139   (0.196) 0.079 0.317 
 131   (0.062) 0.076 0.008 

Locus 13 : CPH2 
9 alleles
0.3% missing data
 104   (0.102) 0.185 0.031 
 102   (0.076) 0.053 0.015 
  94   (0.147) 0.308 0.083 
 110   (0.078) 0.088 0.015 
 100   (0.068) 0.085 0.010 
  98   (0.116) 0.093 0.058 
  96   (0.275) 0.178 0.488 
 108   (0.043) 0.009 0.003 
 106   (0.095) 0.002 0.296 

Locus 14 : FH2004 
16 alleles
0.6% missing data
 175   (0.096) 0.199 0.040 
 115   (0.176) 0.354 0.233 
 151   (0.075) 0.229 0.017 
 147   (0.044) 0.098 0.003 
 111   (0.162) 0.103 0.303 
 171   (0.046) 0.009 0.007 
 179   (0.030) 0.002 0.001 
 194   (0.030) 0.000 0.004 
 119   (0.076) 0.002 0.232 
 169   (0.036) 0.000 0.010 
 123   (0.053) 0.001 0.076 
 183   (0.033) 0.000 0.007 
 191   (0.031) 0.000 0.004 
 187   (0.053) 0.001 0.054 
 203   (0.031) 0.000 0.004 
 107   (0.029) 0.000 0.004 

Locus 15 : FH2088 
9 alleles
0.8% missing data
  94   (0.045) 0.038 0.002 
 118   (0.168) 0.422 0.095 
 126   (0.201) 0.257 0.185 
 122   (0.118) 0.139 0.049 
 134   (0.184) 0.135 0.194 
 110   (0.079) 0.003 0.082 
 138   (0.054) 0.003 0.018 
 130   (0.113) 0.003 0.369 
 114   (0.037) 0.000 0.007 

Locus 16 : FH2096 
4 alleles
0.0% missing data
 102   (0.519) 0.706 0.526 
 106   (0.254) 0.038 0.404 
  98   (0.139) 0.244 0.040 
 110   (0.089) 0.012 0.030 

Locus 17 : CPH6 
12 alleles
0.0% missing data
 132   (0.139) 0.694 0.063 
 123   (0.158) 0.160 0.159 
 134   (0.080) 0.034 0.026 
 121   (0.120) 0.052 0.098 
 131   (0.096) 0.008 0.125 
 130   (0.067) 0.045 0.012 
 129   (0.103) 0.002 0.386 
 127   (0.055) 0.001 0.046 
 125   (0.045) 0.000 0.027 
 133   (0.057) 0.003 0.034 
 128   (0.038) 0.000 0.008 
 138   (0.042) 0.001 0.017 

Locus 18 : CPH4 
9 alleles
0.0% missing data
 146   (0.285) 0.162 0.469 
 149   (0.097) 0.076 0.029 
 150   (0.128) 0.408 0.040 
 154   (0.041) 0.023 0.001 
 144   (0.133) 0.302 0.050 
 148   (0.187) 0.027 0.349 
 142   (0.063) 0.002 0.053 
 134   (0.033) 0.000 0.004 
 140   (0.032) 0.000 0.004 

Locus 19 : REN169O18 
10 alleles
0.3% missing data
 162   (0.120) 0.070 0.080 
 164   (0.227) 0.622 0.195 
 166   (0.116) 0.091 0.067 
 156   (0.098) 0.164 0.030 
 160   (0.130) 0.024 0.156 
 168   (0.041) 0.018 0.002 
 158   (0.138) 0.009 0.402 
 154   (0.061) 0.001 0.057 
 170   (0.032) 0.000 0.004 
 174   (0.037) 0.000 0.007 

Locus 20 : REN54P11 
9 alleles
0.0% missing data
 237   (0.137) 0.600 0.051 
 241   (0.114) 0.088 0.052 
 233   (0.143) 0.077 0.112 
 227   (0.128) 0.007 0.319 
 235   (0.241) 0.157 0.335 
 239   (0.076) 0.068 0.013 
 229   (0.059) 0.001 0.050 
 223   (0.062) 0.001 0.056 
 231   (0.041) 0.000 0.010 

Locus 21 : INRA21 
7 alleles
0.3% missing data
  92   (0.231) 0.185 0.280 
  98   (0.287) 0.264 0.389 
  96   (0.255) 0.516 0.226 
  94   (0.093) 0.033 0.035 
  88   (0.056) 0.001 0.046 
 100   (0.046) 0.001 0.020 
  90   (0.033) 0.000 0.004 

Locus 22 : AHT137 
13 alleles
0.0% missing data
 146   (0.138) 0.255 0.179 
 134   (0.096) 0.124 0.060 
 148   (0.094) 0.143 0.052 
 132   (0.126) 0.258 0.122 
 142   (0.043) 0.079 0.003 
 124   (0.052) 0.075 0.007 
 150   (0.057) 0.006 0.024 
 140   (0.069) 0.013 0.035 
 138   (0.077) 0.031 0.043 
 144   (0.071) 0.014 0.043 
 130   (0.066) 0.001 0.224 
 136   (0.062) 0.001 0.137 
 152   (0.050) 0.001 0.071 

Locus 23 : REN169D01 
10 alleles
0.0% missing data
 204   (0.073) 0.345 0.009 
 214   (0.155) 0.239 0.093 
 198   (0.103) 0.238 0.027 
 216   (0.105) 0.061 0.041 
 212   (0.223) 0.053 0.406 
 200   (0.046) 0.053 0.002 
 208   (0.132) 0.007 0.314 
 206   (0.068) 0.001 0.076 
 220   (0.038) 0.000 0.007 
 210   (0.058) 0.003 0.024 

Locus 24 : AHTk253 
10 alleles
0.3% missing data
 280   (0.078) 0.431 0.009 
 288   (0.239) 0.032 0.566 
 284   (0.124) 0.274 0.041 
 286   (0.153) 0.130 0.099 
 290   (0.122) 0.121 0.056 
 298   (0.053) 0.007 0.010 
 294   (0.071) 0.004 0.042 
 292   (0.088) 0.001 0.166 
 282   (0.033) 0.000 0.004 
 296   (0.040) 0.000 0.007 

Locus 25 : FH2848 
9 alleles
2.0% missing data
 230   (0.154) 0.171 0.124 
 234   (0.140) 0.355 0.073 
 232   (0.146) 0.250 0.099 
 236   (0.174) 0.193 0.174 
 238   (0.171) 0.027 0.351 
 240   (0.071) 0.002 0.089 
 226   (0.040) 0.000 0.011 
 242   (0.056) 0.001 0.053 
 228   (0.049) 0.001 0.027 

Locus 26 : REN162C04 
10 alleles
1.7% missing data
 196   (0.064) 0.159 0.006 
 202   (0.254) 0.695 0.208 
 208   (0.076) 0.004 0.060 
 206   (0.156) 0.023 0.222 
 200   (0.145) 0.056 0.118 
 190   (0.051) 0.049 0.003 
 198   (0.039) 0.010 0.002 
 212   (0.082) 0.001 0.166 
 186   (0.039) 0.000 0.008 
 204   (0.095) 0.002 0.207 

Locus 27 : REN247M23 
8 alleles
3.4% missing data
 267   (0.064) 0.235 0.005 
 271   (0.243) 0.187 0.277 
 273   (0.205) 0.191 0.171 
 281   (0.071) 0.170 0.009 
 277   (0.097) 0.108 0.023 
 279   (0.098) 0.074 0.026 
 275   (0.090) 0.032 0.028 
 269   (0.132) 0.003 0.461 

Locus 28 : INU055 
7 alleles
0.0% missing data
 198   (0.290) 0.472 0.326 
 200   (0.130) 0.262 0.053 
 202   (0.192) 0.199 0.172 
 208   (0.125) 0.034 0.097 
 204   (0.115) 0.032 0.075 
 206   (0.100) 0.002 0.256 
 196   (0.048) 0.001 0.020 

Locus 29 : AHTh260 
14 alleles
0.0% missing data
 231   (0.042) 0.089 0.003 
 248   (0.102) 0.187 0.057 
 266   (0.038) 0.041 0.002 
 238   (0.095) 0.211 0.043 
 243   (0.042) 0.116 0.002 
 244   (0.134) 0.109 0.186 
 236   (0.168) 0.178 0.281 
 242   (0.087) 0.053 0.053 
 245   (0.033) 0.008 0.002 
 230   (0.029) 0.003 0.001 
 246   (0.064) 0.002 0.115 
 240   (0.071) 0.002 0.180 
 250   (0.046) 0.001 0.034 
 252   (0.050) 0.002 0.042 

Locus 30 : INU030 
6 alleles
0.0% missing data
 143   (0.218) 0.272 0.163 
 145   (0.250) 0.386 0.195 
 147   (0.103) 0.167 0.025 
 149   (0.265) 0.079 0.420 
 139   (0.059) 0.093 0.005 
 151   (0.105) 0.003 0.193 

Locus 31 : AHTk211 
6 alleles
0.0% missing data
  89   (0.276) 0.573 0.171 
  91   (0.127) 0.286 0.030 
  93   (0.172) 0.013 0.262 
  85   (0.238) 0.124 0.214 
  87   (0.131) 0.003 0.293 
  95   (0.057) 0.001 0.030 

Locus 32 : CPH8 
8 alleles
0.0% missing data
 212   (0.123) 0.132 0.065 
 218   (0.048) 0.077 0.003 
 214   (0.187) 0.397 0.154 
 210   (0.125) 0.055 0.096 
 208   (0.276) 0.316 0.404 
 200   (0.144) 0.020 0.236 
 202   (0.048) 0.001 0.019 
 216   (0.048) 0.001 0.023 

Locus 33 : CXX279 
10 alleles
0.3% missing data
 124   (0.142) 0.094 0.156 
 128   (0.152) 0.371 0.125 
 118   (0.145) 0.233 0.119 
 126   (0.061) 0.034 0.010 
 134   (0.052) 0.057 0.006 
 122   (0.161) 0.192 0.178 
 114   (0.106) 0.009 0.211 
 116   (0.096) 0.009 0.137 
 106   (0.031) 0.000 0.004 
 120   (0.053) 0.001 0.055 

Locus 34 : FH2145 
18 alleles
2.3% missing data
 281   (0.060) 0.155 0.012 
 282   (0.169) 0.569 0.278 
 294   (0.080) 0.048 0.055 
 285   (0.049) 0.069 0.008 
 286   (0.062) 0.005 0.071 
 283   (0.077) 0.024 0.071 
 287   (0.045) 0.100 0.005 
 288   (0.034) 0.019 0.001 
 290   (0.071) 0.006 0.126 
 272   (0.054) 0.001 0.137 
 276   (0.057) 0.001 0.134 
 280   (0.038) 0.000 0.020 
 289   (0.035) 0.001 0.016 
 284   (0.035) 0.000 0.016 
 302   (0.031) 0.000 0.007 
 278   (0.034) 0.000 0.010 
 291   (0.032) 0.000 0.007 
 298   (0.039) 0.001 0.026 

Values of parameters used in structure:
DATAFILE=C:\Users\Bing\Documents\R\VajeHibridiStruktura\BACKUP\VolkPesStructure_Hibridi\project_data,	OUTFILE=C:\Users\Bing\Documents\R\VajeHibridiStruktura\BACKUP\VolkPesStructure_Hibridi\Paremetri1\Results\Paremetri1_run_8,	NUMINDS=353,	NUMLOCI=34,	MISSING=-9,	LABEL=1,	POPDATA=1,	POPFLAG=0,	PHENOTYPE=0,	EXTRACOLS=0,	MAXPOPS=2,	BURNIN=10000,	NUMREPS=50000,	USEPOPINFO=0,	INFERALPHA=1,	INFERLAMBDA=0,	POPSPECIFICLAMBDA=0,	POPALPHAS=0,	COMPUTEPROB=1,	NOADMIX=0,	ADMBURNIN=2500,	UPDATEFREQ=1,	PRINTLIKES=0,	INTERMEDSAVE=0,	PRINTKLD=0,	PRINTNET=0,	PRINTLAMBDA=0,	ANCESTDIST=0,	NUMBOXES=1000,	ANCESTPINT=0.90000,	GENSBACK=2,	MIGRPRIOR=0.05000,	PRINTQHAT=0,	PRINTQSUM=0,	ALPHA=1.0000,	FREQSCORR=1,	FPRIORMEAN=0.0100,	FPRIORSD=0.0500,	ONEFST=0,	LAMBDA=1.0000,	UNIFPRIORALPHA=1,	ALPHAMAX=10.0000,	ALPHAPRIORA=1.0000,	ALPHAPRIORB=2.0000,	ALPHAPROPSD=0.0250,	STARTATPOPINFO=0,	RANDOMIZE=1,	LINKAGE=0,	METROFREQ=10,	REPORTHITRATE=0,	MARKOVPHASE=-1,	PHASED=0,	PLOIDY=2,	PHASEINFO=0	LOCPRIOR=0, 	LOCPRIORINIT=1.000000, 	LOCDATA=0, 	LOCISPOP=0, 	LOCPRIORSTEP=0.100000, 	MAXLOCPRIOR=20.000000, 	SEED=1418388066,	
[STRAT parameters]:    NUMSIMSTATS=1000,	PHENOTYPECOL=-9,	POOLFREQ=10,	LOCUSxONLY=0,	EMERROR=0.00100,	MISSINGPHENO=-9,	