

----------------------------------------------------
STRUCTURE by Pritchard, Stephens and Donnelly (2000)
     and Falush, Stephens and Pritchard (2003)
       Code by Pritchard, Falush and Hubisz
             Version 2.3.4 (Jul 2012)
----------------------------------------------------



Command line arguments:   bin\structure -m C:\Users\Tomaz Skrbinsek\Documents\ProjektiMednarodno\Korea2016\Exercises\E5.3_ConsGen2016_StructureExercise2\StructureProjects\WolfDogExploration\WolfDogExplore\mainparams -e C:\Users\Tomaz Skrbinsek\Documents\ProjektiMednarodno\Korea2016\Exercises\E5.3_ConsGen2016_StructureExercise2\StructureProjects\WolfDogExploration\WolfDogExplore\extraparams 
Input File:    C:\Users\Tomaz Skrbinsek\Documents\ProjektiMednarodno\Korea2016\Exercises\E5.3_ConsGen2016_StructureExercise2\StructureProjects\WolfDogExploration\project_data

Run parameters:
   417 individuals
   34 loci
   2 populations assumed
   10000 Burn-in period
   100000 Reps


--------------------------------------------
Overall proportion of membership of the
sample in each of the 2 clusters

Inferred Clusters
  1      2    
0.153  0.847  

--------------------------------------------

Allele-freq. divergence among pops (Net nucleotide distance),
computed using point estimates of P.

      1       2      
 1      -    0.1308  
 2   0.1308     -    

Average distances (expected heterozygosity) between individuals in same cluster:
cluster  1  : 0.7302 
cluster  2  : 0.7030 

--------------------------------------------
Estimated Ln Prob of Data   = -42463.8
Mean value of ln likelihood = -42260.0
Variance of ln likelihood   = 407.6
Mean value of alpha         = 0.0525

Mean value of Fst_1         = 0.0883
Mean value of Fst_2         = 0.1889


Inferred ancestry of individuals:
        Label (%Miss) :  Inferred clusters
  1      729    (0)   :  0.002 0.998 
  2      744    (8)   :  0.974 0.026 
  3      743    (0)   :  0.004 0.996 
  4      549    (0)   :  0.034 0.966 
  5      537    (0)   :  0.022 0.978 
  6      547    (0)   :  0.020 0.980 
  7      509    (0)   :  0.006 0.994 
  8      580    (0)   :  0.010 0.990 
  9      494    (0)   :  0.056 0.944 
 10      495    (0)   :  0.021 0.979 
 11      488    (0)   :  0.012 0.988 
 12      492    (0)   :  0.003 0.997 
 13      489    (0)   :  0.022 0.978 
 14      610    (2)   :  0.134 0.866 
 15      689   (14)   :  0.038 0.962 
 16      514   (14)   :  0.002 0.998 
 17      676    (8)   :  0.004 0.996 
 18      577    (8)   :  0.006 0.994 
 19      597    (8)   :  0.006 0.994 
 20      505    (5)   :  0.040 0.960 
 21      584    (2)   :  0.037 0.963 
 22      513    (2)   :  0.002 0.998 
 23      559    (0)   :  0.051 0.949 
 24      695    (0)   :  0.022 0.978 
 25      554    (0)   :  0.056 0.944 
 26      753    (0)   :  0.030 0.970 
 27      678    (0)   :  0.010 0.990 
 28      656    (0)   :  0.048 0.952 
 29      507    (0)   :  0.047 0.953 
 30      552    (0)   :  0.091 0.909 
 31      699    (0)   :  0.047 0.953 
 32      655    (0)   :  0.049 0.951 
 33      687    (0)   :  0.028 0.972 
 34      682    (0)   :  0.017 0.983 
 35      697    (0)   :  0.102 0.898 
 36      568    (0)   :  0.025 0.975 
 37      688    (0)   :  0.012 0.988 
 38      567    (0)   :  0.130 0.870 
 39      621    (0)   :  0.010 0.990 
 40      569    (0)   :  0.010 0.990 
 41      501    (0)   :  0.002 0.998 
 42      563    (0)   :  0.006 0.994 
 43      690    (0)   :  0.014 0.986 
 44      626    (0)   :  0.005 0.995 
 45      576    (0)   :  0.010 0.990 
 46      674    (0)   :  0.004 0.996 
 47      515    (0)   :  0.008 0.992 
 48      758    (0)   :  0.005 0.995 
 49      591    (0)   :  0.005 0.995 
 50      526    (0)   :  0.004 0.996 
 51      587    (0)   :  0.003 0.997 
 52      562    (0)   :  0.003 0.997 
 53      643    (0)   :  0.002 0.998 
 54      756    (0)   :  0.002 0.998 
 55      599    (0)   :  0.002 0.998 
 56      521    (0)   :  0.005 0.995 
 57      579    (0)   :  0.002 0.998 
 58      500    (0)   :  0.003 0.997 
 59      673    (0)   :  0.002 0.998 
 60      755    (0)   :  0.002 0.998 
 61      694    (0)   :  0.002 0.998 
 62      497    (0)   :  0.002 0.998 
 63      498    (0)   :  0.002 0.998 
 64      544    (0)   :  0.002 0.998 
 65      545    (0)   :  0.002 0.998 
 66      588    (0)   :  0.003 0.997 
 67      665    (0)   :  0.005 0.995 
 68      556    (0)   :  0.002 0.998 
 69      511    (5)   :  0.011 0.989 
 70      645    (0)   :  0.036 0.964 
 71      593    (0)   :  0.097 0.903 
 72      573    (0)   :  0.022 0.978 
 73      530    (0)   :  0.010 0.990 
 74      677    (0)   :  0.007 0.993 
 75      605    (0)   :  0.029 0.971 
 76      624    (0)   :  0.009 0.991 
 77      663    (0)   :  0.010 0.990 
 78      691    (5)   :  0.119 0.881 
 79      749    (2)   :  0.176 0.824 
 80      541    (2)   :  0.212 0.788 
 81      570    (2)   :  0.247 0.753 
 82      519    (0)   :  0.405 0.595 
 83      754    (0)   :  0.342 0.658 
 84      607    (0)   :  0.400 0.600 
 85      642    (0)   :  0.308 0.692 
 86      666    (0)   :  0.313 0.687 
 87      522    (0)   :  0.329 0.671 
 88      752    (0)   :  0.321 0.679 
 89      650    (0)   :  0.263 0.737 
 90      628    (0)   :  0.257 0.743 
 91      582    (0)   :  0.206 0.794 
 92      596    (0)   :  0.169 0.831 
 93      759    (0)   :  0.205 0.795 
 94      641    (0)   :  0.248 0.752 
 95      660    (0)   :  0.222 0.778 
 96      750    (0)   :  0.208 0.792 
 97      616    (0)   :  0.192 0.808 
 98      565    (0)   :  0.125 0.875 
 99      595    (0)   :  0.104 0.896 
100      550    (0)   :  0.214 0.786 
101      534    (0)   :  0.087 0.913 
102      564    (0)   :  0.099 0.901 
103      646    (0)   :  0.208 0.792 
104      631    (0)   :  0.018 0.982 
105      585    (0)   :  0.233 0.767 
106      672    (0)   :  0.188 0.812 
107      668    (0)   :  0.098 0.902 
108      780    (0)   :  0.995 0.005 
109      601    (0)   :  0.996 0.004 
110      742    (0)   :  0.003 0.997 
111      737    (0)   :  0.002 0.998 
112      736    (0)   :  0.002 0.998 
113      720    (0)   :  0.002 0.998 
114      721    (0)   :  0.002 0.998 
115      490    (0)   :  0.002 0.998 
116      508   (20)   :  0.012 0.988 
117      506   (17)   :  0.026 0.974 
118      548   (17)   :  0.007 0.993 
119      517    (8)   :  0.002 0.998 
120      525    (0)   :  0.014 0.986 
121      648    (0)   :  0.021 0.979 
122      572    (0)   :  0.006 0.994 
123      613    (0)   :  0.019 0.981 
124      540    (0)   :  0.008 0.992 
125      782    (0)   :  0.007 0.993 
126      602    (0)   :  0.009 0.991 
127      496    (0)   :  0.010 0.990 
128      615    (0)   :  0.005 0.995 
129      617    (0)   :  0.003 0.997 
130      603    (0)   :  0.004 0.996 
131      557    (0)   :  0.005 0.995 
132      640    (0)   :  0.014 0.986 
133      516    (0)   :  0.002 0.998 
134      698    (0)   :  0.005 0.995 
135      667    (0)   :  0.011 0.989 
136      696    (0)   :  0.003 0.997 
137      681    (0)   :  0.011 0.989 
138      504    (0)   :  0.010 0.990 
139      701    (0)   :  0.003 0.997 
140      751    (0)   :  0.003 0.997 
141      590    (0)   :  0.003 0.997 
142      679    (0)   :  0.002 0.998 
143      671    (0)   :  0.003 0.997 
144      586    (0)   :  0.002 0.998 
145      558    (0)   :  0.002 0.998 
146      611    (0)   :  0.002 0.998 
147      684    (0)   :  0.002 0.998 
148      531    (0)   :  0.002 0.998 
149      632    (0)   :  0.002 0.998 
150      702    (0)   :  0.002 0.998 
151      651    (0)   :  0.002 0.998 
152      618    (0)   :  0.002 0.998 
153      598    (0)   :  0.002 0.998 
154      662    (0)   :  0.003 0.997 
155      760    (0)   :  0.002 0.998 
156      654    (0)   :  0.002 0.998 
157      606    (0)   :  0.002 0.998 
158      700    (0)   :  0.002 0.998 
159      614    (0)   :  0.001 0.999 
160      633    (0)   :  0.002 0.998 
161      538    (0)   :  0.002 0.998 
162      669    (0)   :  0.007 0.993 
163      686    (0)   :  0.002 0.998 
164      629    (0)   :  0.002 0.998 
165      649    (0)   :  0.002 0.998 
166      675    (0)   :  0.002 0.998 
167      592    (0)   :  0.002 0.998 
168      722    (0)   :  0.003 0.997 
169      468    (0)   :  0.002 0.998 
170      478    (0)   :  0.002 0.998 
171      477    (0)   :  0.003 0.997 
172      583    (0)   :  0.011 0.989 
173  AP.0871    (0)   :  0.196 0.804 
174      652    (0)   :  0.120 0.880 
175      622    (0)   :  0.009 0.991 
176      627    (0)   :  0.021 0.979 
177      644    (0)   :  0.012 0.988 
178      703    (0)   :  0.008 0.992 
179      619    (0)   :  0.002 0.998 
180      520    (0)   :  0.088 0.912 
181      486    (5)   :  0.009 0.991 
182      487    (0)   :  0.090 0.910 
183      485    (0)   :  0.003 0.997 
184      491    (0)   :  0.003 0.997 
185      493    (0)   :  0.002 0.998 
186      483    (0)   :  0.003 0.997 
187      578    (8)   :  0.007 0.993 
188      523    (5)   :  0.002 0.998 
189      555    (5)   :  0.003 0.997 
190      612    (0)   :  0.083 0.917 
191      524    (0)   :  0.054 0.946 
192      685    (0)   :  0.171 0.829 
193      581    (0)   :  0.015 0.985 
194      670    (0)   :  0.031 0.969 
195      692    (0)   :  0.011 0.989 
196      575    (0)   :  0.011 0.989 
197      680    (0)   :  0.028 0.972 
198      658    (0)   :  0.009 0.991 
199      661    (0)   :  0.007 0.993 
200      659    (0)   :  0.006 0.994 
201      657    (0)   :  0.016 0.984 
202      693    (0)   :  0.005 0.995 
203      683    (0)   :  0.004 0.996 
204      574    (0)   :  0.005 0.995 
205      502    (0)   :  0.004 0.996 
206      653    (0)   :  0.003 0.997 
207      600    (0)   :  0.003 0.997 
208      553    (0)   :  0.003 0.997 
209      608    (0)   :  0.003 0.997 
210      630    (0)   :  0.003 0.997 
211      604    (0)   :  0.006 0.994 
212      571    (0)   :  0.003 0.997 
213      503    (0)   :  0.003 0.997 
214      647    (0)   :  0.017 0.983 
215      620    (0)   :  0.002 0.998 
216      528    (0)   :  0.003 0.997 
217      625    (0)   :  0.003 0.997 
218      589    (0)   :  0.002 0.998 
219      594    (0)   :  0.002 0.998 
220      551    (0)   :  0.003 0.997 
221      533    (0)   :  0.002 0.998 
222      757    (0)   :  0.177 0.823 
223      664    (0)   :  0.142 0.858 
224  AP.086T    (2)   :  0.998 0.002 
225  AX.0CFU    (0)   :  0.996 0.004 
226  EE.14PL    (0)   :  0.984 0.016 
227  CT.0YJ3   (14)   :  0.997 0.003 
228  CT.0YEP    (8)   :  0.999 0.001 
229  CT.0YFL    (8)   :  0.994 0.006 
230  CT.0YFU    (5)   :  0.998 0.002 
231  CT.0YHC    (5)   :  0.997 0.003 
232  CT.0YEU    (5)   :  0.992 0.008 
233  CT.0YKM    (5)   :  0.884 0.116 
234  CT.0YJX    (2)   :  0.996 0.004 
235  CT.0YEM    (2)   :  0.993 0.007 
236  CT.0YFX    (2)   :  0.983 0.017 
237  CT.0YE7    (0)   :  0.998 0.002 
238  CT.0YCE    (0)   :  0.997 0.003 
239  CT.0YFP    (0)   :  0.997 0.003 
240  CT.0YFM    (0)   :  0.998 0.002 
241  CT.0YCY    (0)   :  0.998 0.002 
242  CT.0YCP    (0)   :  0.997 0.003 
243  CT.0YH1    (0)   :  0.998 0.002 
244  CT.0YJY    (0)   :  0.998 0.002 
245  CT.0YEF    (0)   :  0.998 0.002 
246  CT.0YK7    (0)   :  0.998 0.002 
247  CT.0YEL    (0)   :  0.998 0.002 
248  CT.0YFT    (0)   :  0.997 0.003 
249  CT.0YF3    (0)   :  0.997 0.003 
250  CT.0YCT    (0)   :  0.996 0.004 
251  CT.0YFA    (0)   :  0.996 0.004 
252  CT.0YFH    (0)   :  0.996 0.004 
253  CT.0YEC    (0)   :  0.995 0.005 
254  CT.0YEY    (0)   :  0.996 0.004 
255  CT.0YCM    (0)   :  0.996 0.004 
256  CT.0YE3    (0)   :  0.994 0.006 
257  CT.0YF2    (0)   :  0.995 0.005 
258  CT.0YK3    (0)   :  0.993 0.007 
259  CT.0YCL    (0)   :  0.991 0.009 
260  CT.0YFE    (0)   :  0.993 0.007 
261  CT.0YHH    (0)   :  0.997 0.003 
262  CT.0YF8    (0)   :  0.996 0.004 
263  CT.0YF1    (0)   :  0.994 0.006 
264  CT.0YE2    (0)   :  0.992 0.008 
265  CT.0YHP    (0)   :  0.992 0.008 
266  CT.0YEA    (0)   :  0.986 0.014 
267  CT.0YJC    (0)   :  0.986 0.014 
268  CT.0YEJ    (0)   :  0.988 0.012 
269  CT.0YKH    (0)   :  0.993 0.007 
270  CT.0YF0    (0)   :  0.959 0.041 
271  AH.02UT    (0)   :  0.816 0.184 
272  AH.02X0    (0)   :  0.783 0.217 
273      432    (0)   :  0.005 0.995 
274      445    (0)   :  0.002 0.998 
275      447    (0)   :  0.002 0.998 
276      731    (0)   :  0.002 0.998 
277      428    (0)   :  0.002 0.998 
278      735    (0)   :  0.002 0.998 
279      792    (0)   :  0.002 0.998 
280      774    (0)   :  0.131 0.869 
281      779    (0)   :  0.998 0.002 
282      434    (0)   :  0.007 0.993 
283      433    (0)   :  0.004 0.996 
284      444    (0)   :  0.002 0.998 
285      789    (2)   :  0.002 0.998 
286      788    (2)   :  0.004 0.996 
287      436    (0)   :  0.007 0.993 
288      405    (0)   :  0.003 0.997 
289      396    (0)   :  0.003 0.997 
290      463    (0)   :  0.004 0.996 
291      424    (0)   :  0.004 0.996 
292      747    (0)   :  0.006 0.994 
293      451    (0)   :  0.003 0.997 
294      775    (0)   :  0.003 0.997 
295      637    (0)   :  0.003 0.997 
296      763    (0)   :  0.003 0.997 
297      713    (0)   :  0.003 0.997 
298      634    (0)   :  0.003 0.997 
299      391    (0)   :  0.003 0.997 
300      399    (0)   :  0.004 0.996 
301      419    (0)   :  0.003 0.997 
302      711    (0)   :  0.003 0.997 
303      418    (0)   :  0.002 0.998 
304      475    (0)   :  0.002 0.998 
305      425    (0)   :  0.002 0.998 
306      715    (0)   :  0.002 0.998 
307      708    (0)   :  0.002 0.998 
308      450    (0)   :  0.002 0.998 
309      636    (0)   :  0.002 0.998 
310      415    (0)   :  0.002 0.998 
311      705    (0)   :  0.002 0.998 
312      707    (0)   :  0.002 0.998 
313      398    (0)   :  0.002 0.998 
314      435    (0)   :  0.002 0.998 
315      623    (0)   :  0.002 0.998 
316      412    (0)   :  0.002 0.998 
317      401    (0)   :  0.002 0.998 
318      393    (0)   :  0.002 0.998 
319      414    (0)   :  0.002 0.998 
320      710    (0)   :  0.002 0.998 
321      706    (0)   :  0.002 0.998 
322      421    (0)   :  0.002 0.998 
323      712    (0)   :  0.002 0.998 
324      709    (0)   :  0.002 0.998 
325      716    (0)   :  0.002 0.998 
326      411    (0)   :  0.003 0.997 
327      410    (0)   :  0.002 0.998 
328      406    (0)   :  0.002 0.998 
329      423    (0)   :  0.002 0.998 
330      397    (0)   :  0.002 0.998 
331      427    (0)   :  0.002 0.998 
332      474    (0)   :  0.002 0.998 
333      408    (0)   :  0.003 0.997 
334      402    (0)   :  0.002 0.998 
335      422    (0)   :  0.002 0.998 
336      403    (0)   :  0.002 0.998 
337      426    (0)   :  0.002 0.998 
338      714    (0)   :  0.002 0.998 
339      717    (0)   :  0.002 0.998 
340      409    (0)   :  0.002 0.998 
341      394    (0)   :  0.002 0.998 
342      448    (0)   :  0.002 0.998 
343      761    (0)   :  0.002 0.998 
344      416    (0)   :  0.002 0.998 
345      407    (0)   :  0.002 0.998 
346      476    (0)   :  0.002 0.998 
347      413    (0)   :  0.002 0.998 
348      400    (0)   :  0.002 0.998 
349      392    (0)   :  0.002 0.998 
350      420    (0)   :  0.001 0.999 
351      395    (0)   :  0.002 0.998 
352      404    (0)   :  0.002 0.998 
353      390    (0)   :  0.001 0.999 
354      417    (0)   :  0.001 0.999 
355      639    (0)   :  0.001 0.999 
356      704    (0)   :  0.176 0.824 
357      638    (0)   :  0.160 0.840 
358      471    (0)   :  0.003 0.997 
359      790    (0)   :  0.011 0.989 
360      787    (0)   :  0.003 0.997 
361      785    (0)   :  0.002 0.998 
362      786    (0)   :  0.002 0.998 
363      457   (14)   :  0.004 0.996 
364      733   (11)   :  0.003 0.997 
365      727   (11)   :  0.002 0.998 
366      725   (11)   :  0.002 0.998 
367      724    (8)   :  0.004 0.996 
368      469    (5)   :  0.002 0.998 
369      734    (2)   :  0.002 0.998 
370      453    (2)   :  0.002 0.998 
371      452    (0)   :  0.022 0.978 
372      740    (0)   :  0.017 0.983 
373      462    (0)   :  0.004 0.996 
374      718    (0)   :  0.011 0.989 
375      730    (0)   :  0.003 0.997 
376      454    (0)   :  0.003 0.997 
377      430    (0)   :  0.003 0.997 
378      442    (0)   :  0.003 0.997 
379      739    (0)   :  0.003 0.997 
380      449    (0)   :  0.003 0.997 
381      460    (0)   :  0.003 0.997 
382      464    (0)   :  0.002 0.998 
383      459    (0)   :  0.002 0.998 
384      443    (0)   :  0.002 0.998 
385      429    (0)   :  0.002 0.998 
386      732    (0)   :  0.002 0.998 
387      470    (0)   :  0.002 0.998 
388      438    (0)   :  0.002 0.998 
389      741    (0)   :  0.002 0.998 
390      738    (0)   :  0.002 0.998 
391      728    (0)   :  0.002 0.998 
392      455    (0)   :  0.002 0.998 
393      439    (0)   :  0.002 0.998 
394      467    (0)   :  0.002 0.998 
395      461    (0)   :  0.002 0.998 
396      472    (0)   :  0.002 0.998 
397      441    (0)   :  0.002 0.998 
398      440    (0)   :  0.002 0.998 
399      473    (0)   :  0.002 0.998 
400      719    (0)   :  0.002 0.998 
401      762    (0)   :  0.002 0.998 
402      466    (0)   :  0.002 0.998 
403      723    (0)   :  0.002 0.998 
404      458    (5)   :  0.010 0.990 
405      542    (0)   :  0.834 0.166 
406      746    (0)   :  0.002 0.998 
407      745    (0)   :  0.002 0.998 
408      770    (2)   :  0.002 0.998 
409      771    (0)   :  0.002 0.998 
410      635    (0)   :  0.002 0.998 
411      437    (0)   :  0.002 0.998 
412      446    (0)   :  0.002 0.998 
413      769    (0)   :  0.002 0.998 
414      768    (0)   :  0.002 0.998 
415      726    (0)   :  0.002 0.998 
416      431    (0)   :  0.002 0.998 
417      772    (0)   :  0.013 0.987 


Estimated Allele Frequencies in each cluster
First column gives estimated ancestral frequencies


Locus 1 : CPH9 
9 alleles
0.0% missing data
 144   (0.169) 0.056 0.544 
 164   (0.063) 0.005 0.200 
 140   (0.217) 0.392 0.021 
 162   (0.064) 0.006 0.134 
 142   (0.109) 0.036 0.070 
 150   (0.215) 0.364 0.024 
 148   (0.045) 0.004 0.004 
 152   (0.057) 0.058 0.000 
 154   (0.063) 0.079 0.000 

Locus 2 : CPH12 
9 alleles
0.5% missing data
 205   (0.220) 0.198 0.234 
 195   (0.434) 0.602 0.450 
 197   (0.061) 0.005 0.269 
 199   (0.049) 0.004 0.042 
 207   (0.062) 0.063 0.001 
 193   (0.065) 0.109 0.000 
 209   (0.036) 0.010 0.000 
 203   (0.036) 0.007 0.001 
 201   (0.038) 0.003 0.003 

Locus 3 : C20_253 
8 alleles
0.0% missing data
 104   (0.110) 0.032 0.193 
 108   (0.324) 0.635 0.113 
 110   (0.139) 0.131 0.036 
 102   (0.119) 0.047 0.152 
 112   (0.078) 0.041 0.005 
 100   (0.109) 0.029 0.257 
  94   (0.065) 0.006 0.243 
 106   (0.057) 0.079 0.000 

Locus 4 : C09_250 
11 alleles
0.0% missing data
 133   (0.185) 0.244 0.245 
 135   (0.088) 0.039 0.071 
 137   (0.177) 0.228 0.242 
 131   (0.115) 0.072 0.179 
 127   (0.073) 0.170 0.001 
 129   (0.036) 0.004 0.004 
 139   (0.111) 0.057 0.226 
 141   (0.105) 0.110 0.031 
 143   (0.046) 0.057 0.000 
 147   (0.032) 0.010 0.000 
 123   (0.033) 0.010 0.000 

Locus 5 : FH2010 
7 alleles
0.5% missing data
 216   (0.062) 0.006 0.224 
 232   (0.198) 0.144 0.268 
 236   (0.133) 0.310 0.004 
 220   (0.084) 0.024 0.045 
 228   (0.287) 0.278 0.424 
 224   (0.160) 0.210 0.027 
 212   (0.076) 0.029 0.007 

Locus 6 : CPH5 
6 alleles
1.4% missing data
 110   (0.223) 0.160 0.422 
 114   (0.394) 0.670 0.240 
 112   (0.123) 0.061 0.098 
 124   (0.098) 0.022 0.188 
 116   (0.126) 0.084 0.050 
 126   (0.036) 0.003 0.002 

Locus 7 : CPH7 
6 alleles
0.0% missing data
 165   (0.268) 0.241 0.514 
 169   (0.190) 0.200 0.126 
 171   (0.312) 0.407 0.314 
 167   (0.085) 0.029 0.034 
 163   (0.091) 0.054 0.011 
 161   (0.055) 0.070 0.000 

Locus 8 : Cxx_121 
14 alleles
0.2% missing data
  81   (0.048) 0.004 0.120 
 101   (0.120) 0.071 0.257 
 103   (0.135) 0.369 0.014 
 105   (0.127) 0.067 0.448 
  97   (0.110) 0.137 0.026 
  95   (0.068) 0.051 0.004 
  99   (0.101) 0.091 0.038 
  91   (0.063) 0.011 0.091 
 109   (0.047) 0.066 0.000 
 107   (0.056) 0.100 0.001 
 113   (0.032) 0.009 0.000 
  93   (0.032) 0.009 0.000 
 111   (0.031) 0.009 0.000 
  89   (0.031) 0.006 0.001 

Locus 9 : FH2137 
21 alleles
0.2% missing data
 171   (0.042) 0.005 0.130 
 183   (0.039) 0.003 0.102 
 173   (0.083) 0.096 0.060 
 163   (0.060) 0.020 0.152 
 175   (0.038) 0.003 0.091 
 167   (0.059) 0.020 0.119 
 169   (0.101) 0.153 0.153 
 179   (0.061) 0.021 0.069 
 161   (0.055) 0.016 0.109 
 165   (0.071) 0.093 0.012 
 181   (0.054) 0.237 0.001 
 156   (0.034) 0.025 0.000 
 164   (0.043) 0.069 0.001 
 151   (0.030) 0.017 0.000 
 188   (0.031) 0.025 0.000 
 185   (0.037) 0.056 0.000 
 168   (0.035) 0.041 0.000 
 177   (0.036) 0.048 0.000 
 159   (0.028) 0.010 0.000 
 176   (0.031) 0.018 0.000 
 157   (0.032) 0.025 0.000 

Locus 10 : CPH22 
4 alleles
0.2% missing data
 110   (0.196) 0.090 0.426 
 112   (0.568) 0.805 0.380 
 114   (0.144) 0.087 0.065 
 116   (0.092) 0.017 0.129 

Locus 11 : VWF 
8 alleles
0.0% missing data
 172   (0.183) 0.073 0.387 
 160   (0.203) 0.500 0.008 
 142   (0.071) 0.008 0.139 
 178   (0.068) 0.007 0.135 
 166   (0.302) 0.265 0.289 
 154   (0.056) 0.005 0.042 
 148   (0.073) 0.122 0.000 
 190   (0.044) 0.019 0.000 

Locus 12 : Cxx_123 
8 alleles
0.0% missing data
 139   (0.173) 0.272 0.062 
 143   (0.243) 0.335 0.257 
 141   (0.143) 0.096 0.201 
 131   (0.052) 0.004 0.115 
 145   (0.189) 0.205 0.209 
 151   (0.050) 0.005 0.083 
 147   (0.116) 0.080 0.071 
 123   (0.034) 0.003 0.002 

Locus 13 : CPH2 
11 alleles
0.2% missing data
  94   (0.138) 0.086 0.280 
 100   (0.086) 0.027 0.121 
 106   (0.078) 0.317 0.001 
  98   (0.113) 0.087 0.062 
 104   (0.071) 0.013 0.137 
 102   (0.091) 0.034 0.095 
  96   (0.247) 0.413 0.241 
 112   (0.033) 0.004 0.001 
 110   (0.065) 0.013 0.045 
 108   (0.039) 0.004 0.006 
 107   (0.039) 0.003 0.012 

Locus 14 : FH2004 
18 alleles
0.5% missing data
 175   (0.090) 0.044 0.233 
 115   (0.181) 0.272 0.361 
 119   (0.065) 0.188 0.001 
 151   (0.045) 0.004 0.128 
 111   (0.152) 0.297 0.093 
 147   (0.046) 0.005 0.121 
 191   (0.050) 0.015 0.004 
 171   (0.036) 0.003 0.013 
 179   (0.032) 0.003 0.003 
 194   (0.029) 0.010 0.000 
 169   (0.031) 0.010 0.000 
 123   (0.045) 0.078 0.000 
 183   (0.031) 0.010 0.000 
 187   (0.039) 0.033 0.000 
 203   (0.029) 0.010 0.000 
 107   (0.030) 0.010 0.000 
 155   (0.040) 0.003 0.041 
 143   (0.030) 0.007 0.001 

Locus 15 : FH2088 
9 alleles
0.7% missing data
 122   (0.118) 0.067 0.146 
 126   (0.219) 0.261 0.319 
 130   (0.144) 0.318 0.016 
 118   (0.159) 0.111 0.381 
 134   (0.148) 0.158 0.086 
  94   (0.048) 0.005 0.045 
 138   (0.057) 0.025 0.002 
 110   (0.073) 0.045 0.004 
 114   (0.034) 0.010 0.000 

Locus 16 : FH2096 
4 alleles
0.0% missing data
 102   (0.506) 0.476 0.735 
  98   (0.145) 0.052 0.215 
 106   (0.240) 0.412 0.032 
 110   (0.109) 0.059 0.019 

Locus 17 : CPH6 
14 alleles
0.0% missing data
 132   (0.102) 0.031 0.673 
 129   (0.081) 0.350 0.001 
 130   (0.070) 0.016 0.071 
 139   (0.038) 0.007 0.002 
 121   (0.105) 0.075 0.061 
 123   (0.158) 0.163 0.155 
 134   (0.078) 0.030 0.025 
 131   (0.095) 0.116 0.007 
 127   (0.069) 0.105 0.002 
 136   (0.034) 0.008 0.001 
 128   (0.057) 0.028 0.002 
 125   (0.047) 0.050 0.000 
 133   (0.033) 0.010 0.000 
 138   (0.033) 0.010 0.000 

Locus 18 : CPH4 
9 alleles
0.2% missing data
 144   (0.126) 0.042 0.322 
 150   (0.110) 0.026 0.385 
 146   (0.292) 0.470 0.154 
 148   (0.209) 0.362 0.048 
 149   (0.097) 0.033 0.074 
 154   (0.045) 0.003 0.017 
 142   (0.050) 0.046 0.000 
 134   (0.035) 0.010 0.000 
 140   (0.036) 0.010 0.000 

Locus 19 : REN169O18 
10 alleles
0.5% missing data
 164   (0.192) 0.162 0.539 
 154   (0.048) 0.052 0.000 
 158   (0.198) 0.428 0.057 
 168   (0.043) 0.004 0.017 
 166   (0.116) 0.086 0.079 
 162   (0.117) 0.074 0.101 
 156   (0.092) 0.026 0.188 
 160   (0.113) 0.147 0.016 
 170   (0.048) 0.011 0.002 
 174   (0.033) 0.009 0.000 

Locus 20 : REN54P11 
9 alleles
0.2% missing data
 237   (0.140) 0.053 0.565 
 239   (0.074) 0.012 0.074 
 227   (0.137) 0.278 0.008 
 241   (0.101) 0.039 0.075 
 235   (0.275) 0.414 0.189 
 233   (0.139) 0.102 0.087 
 223   (0.050) 0.046 0.000 
 229   (0.049) 0.046 0.000 
 231   (0.034) 0.010 0.000 

Locus 21 : INRA21 
7 alleles
0.2% missing data
  98   (0.261) 0.327 0.295 
  92   (0.229) 0.293 0.203 
  94   (0.106) 0.075 0.029 
  96   (0.230) 0.208 0.452 
 100   (0.080) 0.028 0.020 
  90   (0.046) 0.023 0.001 
  88   (0.048) 0.047 0.000 

Locus 22 : AHT137 
13 alleles
0.0% missing data
 148   (0.103) 0.059 0.208 
 136   (0.057) 0.154 0.000 
 150   (0.074) 0.045 0.015 
 124   (0.042) 0.004 0.047 
 142   (0.043) 0.004 0.106 
 146   (0.136) 0.142 0.210 
 132   (0.120) 0.083 0.232 
 134   (0.084) 0.036 0.103 
 144   (0.074) 0.041 0.019 
 138   (0.069) 0.021 0.048 
 140   (0.078) 0.069 0.011 
 130   (0.070) 0.276 0.001 
 152   (0.050) 0.066 0.001 

Locus 23 : REN169D01 
10 alleles
0.0% missing data
 198   (0.111) 0.036 0.294 
 204   (0.080) 0.013 0.316 
 212   (0.194) 0.398 0.036 
 208   (0.178) 0.328 0.034 
 200   (0.047) 0.004 0.047 
 214   (0.128) 0.058 0.234 
 210   (0.077) 0.030 0.013 
 216   (0.095) 0.054 0.026 
 206   (0.051) 0.061 0.000 
 220   (0.039) 0.017 0.000 

Locus 24 : AHTk253 
10 alleles
1.7% missing data
 284   (0.122) 0.042 0.297 
 290   (0.122) 0.060 0.123 
 288   (0.237) 0.569 0.038 
 280   (0.088) 0.015 0.349 
 286   (0.145) 0.083 0.178 
 282   (0.059) 0.013 0.006 
 296   (0.048) 0.031 0.001 
 298   (0.050) 0.009 0.006 
 294   (0.062) 0.035 0.001 
 292   (0.066) 0.142 0.000 

Locus 25 : FH2848 
9 alleles
3.8% missing data
 230   (0.175) 0.173 0.212 
 232   (0.136) 0.079 0.237 
 236   (0.164) 0.150 0.170 
 234   (0.144) 0.083 0.344 
 238   (0.162) 0.304 0.033 
 226   (0.039) 0.021 0.000 
 240   (0.089) 0.105 0.004 
 242   (0.049) 0.056 0.000 
 228   (0.042) 0.029 0.000 

Locus 26 : REN162C04 
10 alleles
1.7% missing data
 196   (0.059) 0.005 0.209 
 202   (0.245) 0.209 0.644 
 204   (0.119) 0.159 0.012 
 206   (0.147) 0.247 0.020 
 198   (0.046) 0.005 0.013 
 200   (0.139) 0.128 0.068 
 208   (0.101) 0.092 0.013 
 190   (0.045) 0.004 0.021 
 212   (0.064) 0.141 0.000 
 186   (0.035) 0.011 0.000 

Locus 27 : REN247M23 
8 alleles
6.5% missing data
 271   (0.249) 0.266 0.185 
 277   (0.117) 0.037 0.172 
 281   (0.062) 0.006 0.110 
 273   (0.210) 0.170 0.174 
 267   (0.070) 0.008 0.219 
 279   (0.116) 0.044 0.119 
 269   (0.113) 0.459 0.001 
 275   (0.062) 0.010 0.020 

Locus 28 : INU055 
7 alleles
0.0% missing data
 198   (0.296) 0.320 0.472 
 200   (0.126) 0.051 0.227 
 204   (0.123) 0.074 0.073 
 208   (0.133) 0.122 0.040 
 196   (0.053) 0.022 0.001 
 202   (0.191) 0.175 0.187 
 206   (0.077) 0.236 0.000 

Locus 29 : AHTh260 
17 alleles
1.0% missing data
 243   (0.042) 0.003 0.158 
 244   (0.134) 0.198 0.176 
 236   (0.133) 0.230 0.139 
 250   (0.037) 0.037 0.000 
 238   (0.088) 0.053 0.166 
 266   (0.041) 0.004 0.057 
 248   (0.093) 0.062 0.138 
 231   (0.041) 0.003 0.099 
 242   (0.078) 0.046 0.048 
 230   (0.032) 0.003 0.003 
 240   (0.061) 0.239 0.001 
 245   (0.032) 0.003 0.006 
 247   (0.029) 0.003 0.001 
 246   (0.057) 0.083 0.001 
 232   (0.035) 0.005 0.003 
 252   (0.036) 0.023 0.000 
 264   (0.033) 0.004 0.003 

Locus 30 : INU030 
7 alleles
0.2% missing data
 139   (0.058) 0.006 0.079 
 145   (0.242) 0.205 0.402 
 143   (0.212) 0.178 0.275 
 149   (0.243) 0.410 0.072 
 147   (0.132) 0.065 0.148 
 151   (0.066) 0.131 0.000 
 141   (0.047) 0.004 0.024 

Locus 31 : AHTk211 
7 alleles
0.0% missing data
  89   (0.257) 0.150 0.643 
  87   (0.110) 0.238 0.002 
  93   (0.198) 0.323 0.023 
  85   (0.218) 0.213 0.110 
  91   (0.125) 0.037 0.220 
  83   (0.043) 0.006 0.003 
  95   (0.050) 0.033 0.000 

Locus 32 : CPH8 
8 alleles
0.7% missing data
 214   (0.178) 0.128 0.404 
 208   (0.305) 0.449 0.349 
 212   (0.130) 0.080 0.132 
 218   (0.052) 0.005 0.057 
 210   (0.121) 0.109 0.035 
 200   (0.139) 0.201 0.024 
 202   (0.035) 0.010 0.000 
 216   (0.041) 0.016 0.001 

Locus 33 : CXX279 
11 alleles
0.5% missing data
 118   (0.129) 0.098 0.239 
 128   (0.130) 0.079 0.400 
 114   (0.127) 0.269 0.019 
 122   (0.150) 0.177 0.164 
 124   (0.125) 0.137 0.084 
 134   (0.053) 0.009 0.059 
 126   (0.061) 0.013 0.023 
 116   (0.097) 0.150 0.009 
 120   (0.066) 0.052 0.003 
 106   (0.031) 0.010 0.000 
 130   (0.032) 0.007 0.001 

Locus 34 : FH2145 
18 alleles
6.2% missing data
 282   (0.161) 0.273 0.603 
 281   (0.075) 0.030 0.195 
 294   (0.081) 0.076 0.035 
 283   (0.070) 0.041 0.028 
 285   (0.057) 0.022 0.039 
 286   (0.082) 0.107 0.016 
 290   (0.088) 0.119 0.030 
 272   (0.042) 0.082 0.000 
 276   (0.047) 0.113 0.000 
 288   (0.033) 0.003 0.011 
 287   (0.041) 0.006 0.042 
 280   (0.034) 0.026 0.000 
 289   (0.032) 0.018 0.000 
 284   (0.032) 0.018 0.000 
 302   (0.033) 0.018 0.000 
 278   (0.029) 0.010 0.000 
 291   (0.032) 0.018 0.000 
 298   (0.030) 0.018 0.000 

Values of parameters used in structure:
DATAFILE=C:\Users\Tomaz Skrbinsek\Documents\ProjektiMednarodno\Korea2016\Exercises\E5.3_ConsGen2016_StructureExercise2\StructureProjects\WolfDogExploration\project_data,	OUTFILE=C:\Users\Tomaz Skrbinsek\Documents\ProjektiMednarodno\Korea2016\Exercises\E5.3_ConsGen2016_StructureExercise2\StructureProjects\WolfDogExploration\WolfDogExplore\Results\WolfDogExplore_run_5,	NUMINDS=417,	NUMLOCI=34,	MISSING=-9,	LABEL=1,	POPDATA=0,	POPFLAG=0,	PHENOTYPE=0,	EXTRACOLS=0,	MAXPOPS=2,	BURNIN=10000,	NUMREPS=100000,	USEPOPINFO=0,	INFERALPHA=1,	INFERLAMBDA=0,	POPSPECIFICLAMBDA=0,	POPALPHAS=0,	COMPUTEPROB=1,	NOADMIX=0,	ADMBURNIN=2500,	UPDATEFREQ=1,	PRINTLIKES=0,	INTERMEDSAVE=0,	PRINTKLD=0,	PRINTNET=0,	PRINTLAMBDA=0,	ANCESTDIST=0,	NUMBOXES=1000,	ANCESTPINT=0.90000,	GENSBACK=2,	MIGRPRIOR=0.05000,	PRINTQHAT=0,	PRINTQSUM=0,	ALPHA=1.0000,	FREQSCORR=1,	FPRIORMEAN=0.0100,	FPRIORSD=0.0500,	ONEFST=0,	LAMBDA=1.0000,	UNIFPRIORALPHA=1,	ALPHAMAX=10.0000,	ALPHAPRIORA=1.0000,	ALPHAPRIORB=2.0000,	ALPHAPROPSD=0.0250,	STARTATPOPINFO=0,	RANDOMIZE=1,	LINKAGE=0,	METROFREQ=10,	REPORTHITRATE=0,	MARKOVPHASE=-1,	PHASED=0,	PLOIDY=2,	PHASEINFO=0	LOCPRIOR=0, 	LOCPRIORINIT=1.000000, 	LOCDATA=1, 	LOCISPOP=0, 	LOCPRIORSTEP=0.100000, 	MAXLOCPRIOR=20.000000, 	SEED=1471871738,	
[STRAT parameters]:    NUMSIMSTATS=1000,	PHENOTYPECOL=-9,	POOLFREQ=10,	LOCUSxONLY=0,	EMERROR=0.00100,	MISSINGPHENO=-9,	