

----------------------------------------------------
STRUCTURE by Pritchard, Stephens and Donnelly (2000)
     and Falush, Stephens and Pritchard (2003)
       Code by Pritchard, Falush and Hubisz
             Version 2.3.4 (Jul 2012)
----------------------------------------------------



Command line arguments:   bin\structure -m C:\Users\Tomaz Skrbinsek\Documents\ProjektiMednarodno\Korea2016\Exercises\E5.3_ConsGen2016_StructureExercise2\StructureProjects\WolfDogExploration\WolfDogExplore\mainparams -e C:\Users\Tomaz Skrbinsek\Documents\ProjektiMednarodno\Korea2016\Exercises\E5.3_ConsGen2016_StructureExercise2\StructureProjects\WolfDogExploration\WolfDogExplore\extraparams 
Input File:    C:\Users\Tomaz Skrbinsek\Documents\ProjektiMednarodno\Korea2016\Exercises\E5.3_ConsGen2016_StructureExercise2\StructureProjects\WolfDogExploration\project_data

Run parameters:
   417 individuals
   34 loci
   2 populations assumed
   10000 Burn-in period
   100000 Reps


--------------------------------------------
Overall proportion of membership of the
sample in each of the 2 clusters

Inferred Clusters
  1      2    
0.847  0.153  

--------------------------------------------

Allele-freq. divergence among pops (Net nucleotide distance),
computed using point estimates of P.

      1       2      
 1      -    0.1307  
 2   0.1307     -    

Average distances (expected heterozygosity) between individuals in same cluster:
cluster  1  : 0.7031 
cluster  2  : 0.7301 

--------------------------------------------
Estimated Ln Prob of Data   = -42467.2
Mean value of ln likelihood = -42260.4
Variance of ln likelihood   = 413.7
Mean value of alpha         = 0.0517

Mean value of Fst_1         = 0.1878
Mean value of Fst_2         = 0.0887


Inferred ancestry of individuals:
        Label (%Miss) :  Inferred clusters
  1      729    (0)   :  0.998 0.002 
  2      744    (8)   :  0.027 0.973 
  3      743    (0)   :  0.996 0.004 
  4      549    (0)   :  0.966 0.034 
  5      537    (0)   :  0.978 0.022 
  6      547    (0)   :  0.981 0.019 
  7      509    (0)   :  0.995 0.005 
  8      580    (0)   :  0.991 0.009 
  9      494    (0)   :  0.949 0.051 
 10      495    (0)   :  0.980 0.020 
 11      488    (0)   :  0.989 0.011 
 12      492    (0)   :  0.997 0.003 
 13      489    (0)   :  0.978 0.022 
 14      610    (2)   :  0.868 0.132 
 15      689   (14)   :  0.964 0.036 
 16      514   (14)   :  0.998 0.002 
 17      676    (8)   :  0.996 0.004 
 18      577    (8)   :  0.994 0.006 
 19      597    (8)   :  0.994 0.006 
 20      505    (5)   :  0.962 0.038 
 21      584    (2)   :  0.964 0.036 
 22      513    (2)   :  0.998 0.002 
 23      559    (0)   :  0.952 0.048 
 24      695    (0)   :  0.978 0.022 
 25      554    (0)   :  0.943 0.057 
 26      753    (0)   :  0.972 0.028 
 27      678    (0)   :  0.990 0.010 
 28      656    (0)   :  0.950 0.050 
 29      507    (0)   :  0.954 0.046 
 30      552    (0)   :  0.909 0.091 
 31      699    (0)   :  0.953 0.047 
 32      655    (0)   :  0.955 0.045 
 33      687    (0)   :  0.973 0.027 
 34      682    (0)   :  0.982 0.018 
 35      697    (0)   :  0.899 0.101 
 36      568    (0)   :  0.976 0.024 
 37      688    (0)   :  0.988 0.012 
 38      567    (0)   :  0.871 0.129 
 39      621    (0)   :  0.991 0.009 
 40      569    (0)   :  0.991 0.009 
 41      501    (0)   :  0.998 0.002 
 42      563    (0)   :  0.994 0.006 
 43      690    (0)   :  0.986 0.014 
 44      626    (0)   :  0.995 0.005 
 45      576    (0)   :  0.991 0.009 
 46      674    (0)   :  0.996 0.004 
 47      515    (0)   :  0.992 0.008 
 48      758    (0)   :  0.995 0.005 
 49      591    (0)   :  0.995 0.005 
 50      526    (0)   :  0.997 0.003 
 51      587    (0)   :  0.997 0.003 
 52      562    (0)   :  0.997 0.003 
 53      643    (0)   :  0.998 0.002 
 54      756    (0)   :  0.998 0.002 
 55      599    (0)   :  0.998 0.002 
 56      521    (0)   :  0.996 0.004 
 57      579    (0)   :  0.998 0.002 
 58      500    (0)   :  0.997 0.003 
 59      673    (0)   :  0.998 0.002 
 60      755    (0)   :  0.998 0.002 
 61      694    (0)   :  0.998 0.002 
 62      497    (0)   :  0.998 0.002 
 63      498    (0)   :  0.998 0.002 
 64      544    (0)   :  0.998 0.002 
 65      545    (0)   :  0.998 0.002 
 66      588    (0)   :  0.997 0.003 
 67      665    (0)   :  0.995 0.005 
 68      556    (0)   :  0.998 0.002 
 69      511    (5)   :  0.989 0.011 
 70      645    (0)   :  0.965 0.035 
 71      593    (0)   :  0.903 0.097 
 72      573    (0)   :  0.980 0.020 
 73      530    (0)   :  0.991 0.009 
 74      677    (0)   :  0.993 0.007 
 75      605    (0)   :  0.973 0.027 
 76      624    (0)   :  0.992 0.008 
 77      663    (0)   :  0.991 0.009 
 78      691    (5)   :  0.881 0.119 
 79      749    (2)   :  0.824 0.176 
 80      541    (2)   :  0.792 0.208 
 81      570    (2)   :  0.751 0.249 
 82      519    (0)   :  0.596 0.404 
 83      754    (0)   :  0.658 0.342 
 84      607    (0)   :  0.600 0.400 
 85      642    (0)   :  0.694 0.306 
 86      666    (0)   :  0.687 0.313 
 87      522    (0)   :  0.672 0.328 
 88      752    (0)   :  0.682 0.318 
 89      650    (0)   :  0.738 0.262 
 90      628    (0)   :  0.743 0.257 
 91      582    (0)   :  0.794 0.206 
 92      596    (0)   :  0.832 0.168 
 93      759    (0)   :  0.796 0.204 
 94      641    (0)   :  0.753 0.247 
 95      660    (0)   :  0.779 0.221 
 96      750    (0)   :  0.793 0.207 
 97      616    (0)   :  0.810 0.190 
 98      565    (0)   :  0.874 0.126 
 99      595    (0)   :  0.898 0.102 
100      550    (0)   :  0.787 0.213 
101      534    (0)   :  0.914 0.086 
102      564    (0)   :  0.902 0.098 
103      646    (0)   :  0.791 0.209 
104      631    (0)   :  0.983 0.017 
105      585    (0)   :  0.767 0.233 
106      672    (0)   :  0.814 0.186 
107      668    (0)   :  0.909 0.091 
108      780    (0)   :  0.005 0.995 
109      601    (0)   :  0.004 0.996 
110      742    (0)   :  0.997 0.003 
111      737    (0)   :  0.998 0.002 
112      736    (0)   :  0.998 0.002 
113      720    (0)   :  0.998 0.002 
114      721    (0)   :  0.998 0.002 
115      490    (0)   :  0.999 0.001 
116      508   (20)   :  0.989 0.011 
117      506   (17)   :  0.972 0.028 
118      548   (17)   :  0.993 0.007 
119      517    (8)   :  0.998 0.002 
120      525    (0)   :  0.987 0.013 
121      648    (0)   :  0.982 0.018 
122      572    (0)   :  0.994 0.006 
123      613    (0)   :  0.982 0.018 
124      540    (0)   :  0.992 0.008 
125      782    (0)   :  0.993 0.007 
126      602    (0)   :  0.992 0.008 
127      496    (0)   :  0.991 0.009 
128      615    (0)   :  0.995 0.005 
129      617    (0)   :  0.997 0.003 
130      603    (0)   :  0.996 0.004 
131      557    (0)   :  0.996 0.004 
132      640    (0)   :  0.987 0.013 
133      516    (0)   :  0.998 0.002 
134      698    (0)   :  0.996 0.004 
135      667    (0)   :  0.990 0.010 
136      696    (0)   :  0.997 0.003 
137      681    (0)   :  0.989 0.011 
138      504    (0)   :  0.991 0.009 
139      701    (0)   :  0.997 0.003 
140      751    (0)   :  0.997 0.003 
141      590    (0)   :  0.997 0.003 
142      679    (0)   :  0.998 0.002 
143      671    (0)   :  0.998 0.002 
144      586    (0)   :  0.998 0.002 
145      558    (0)   :  0.998 0.002 
146      611    (0)   :  0.998 0.002 
147      684    (0)   :  0.998 0.002 
148      531    (0)   :  0.998 0.002 
149      632    (0)   :  0.998 0.002 
150      702    (0)   :  0.998 0.002 
151      651    (0)   :  0.998 0.002 
152      618    (0)   :  0.998 0.002 
153      598    (0)   :  0.998 0.002 
154      662    (0)   :  0.997 0.003 
155      760    (0)   :  0.998 0.002 
156      654    (0)   :  0.998 0.002 
157      606    (0)   :  0.998 0.002 
158      700    (0)   :  0.998 0.002 
159      614    (0)   :  0.999 0.001 
160      633    (0)   :  0.998 0.002 
161      538    (0)   :  0.998 0.002 
162      669    (0)   :  0.994 0.006 
163      686    (0)   :  0.998 0.002 
164      629    (0)   :  0.998 0.002 
165      649    (0)   :  0.998 0.002 
166      675    (0)   :  0.998 0.002 
167      592    (0)   :  0.998 0.002 
168      722    (0)   :  0.997 0.003 
169      468    (0)   :  0.998 0.002 
170      478    (0)   :  0.998 0.002 
171      477    (0)   :  0.997 0.003 
172      583    (0)   :  0.990 0.010 
173  AP.0871    (0)   :  0.805 0.195 
174      652    (0)   :  0.883 0.117 
175      622    (0)   :  0.992 0.008 
176      627    (0)   :  0.980 0.020 
177      644    (0)   :  0.988 0.012 
178      703    (0)   :  0.993 0.007 
179      619    (0)   :  0.998 0.002 
180      520    (0)   :  0.911 0.089 
181      486    (5)   :  0.992 0.008 
182      487    (0)   :  0.912 0.088 
183      485    (0)   :  0.997 0.003 
184      491    (0)   :  0.997 0.003 
185      493    (0)   :  0.998 0.002 
186      483    (0)   :  0.997 0.003 
187      578    (8)   :  0.994 0.006 
188      523    (5)   :  0.998 0.002 
189      555    (5)   :  0.997 0.003 
190      612    (0)   :  0.920 0.080 
191      524    (0)   :  0.948 0.052 
192      685    (0)   :  0.831 0.169 
193      581    (0)   :  0.986 0.014 
194      670    (0)   :  0.969 0.031 
195      692    (0)   :  0.989 0.011 
196      575    (0)   :  0.989 0.011 
197      680    (0)   :  0.974 0.026 
198      658    (0)   :  0.992 0.008 
199      661    (0)   :  0.993 0.007 
200      659    (0)   :  0.994 0.006 
201      657    (0)   :  0.984 0.016 
202      693    (0)   :  0.996 0.004 
203      683    (0)   :  0.996 0.004 
204      574    (0)   :  0.995 0.005 
205      502    (0)   :  0.996 0.004 
206      653    (0)   :  0.997 0.003 
207      600    (0)   :  0.997 0.003 
208      553    (0)   :  0.997 0.003 
209      608    (0)   :  0.997 0.003 
210      630    (0)   :  0.997 0.003 
211      604    (0)   :  0.995 0.005 
212      571    (0)   :  0.997 0.003 
213      503    (0)   :  0.997 0.003 
214      647    (0)   :  0.985 0.015 
215      620    (0)   :  0.998 0.002 
216      528    (0)   :  0.997 0.003 
217      625    (0)   :  0.997 0.003 
218      589    (0)   :  0.998 0.002 
219      594    (0)   :  0.998 0.002 
220      551    (0)   :  0.998 0.002 
221      533    (0)   :  0.998 0.002 
222      757    (0)   :  0.824 0.176 
223      664    (0)   :  0.858 0.142 
224  AP.086T    (2)   :  0.002 0.998 
225  AX.0CFU    (0)   :  0.004 0.996 
226  EE.14PL    (0)   :  0.017 0.983 
227  CT.0YJ3   (14)   :  0.004 0.996 
228  CT.0YEP    (8)   :  0.001 0.999 
229  CT.0YFL    (8)   :  0.006 0.994 
230  CT.0YFU    (5)   :  0.002 0.998 
231  CT.0YHC    (5)   :  0.003 0.997 
232  CT.0YEU    (5)   :  0.008 0.992 
233  CT.0YKM    (5)   :  0.106 0.894 
234  CT.0YJX    (2)   :  0.004 0.996 
235  CT.0YEM    (2)   :  0.006 0.994 
236  CT.0YFX    (2)   :  0.018 0.982 
237  CT.0YE7    (0)   :  0.002 0.998 
238  CT.0YCE    (0)   :  0.003 0.997 
239  CT.0YFP    (0)   :  0.003 0.997 
240  CT.0YFM    (0)   :  0.002 0.998 
241  CT.0YCY    (0)   :  0.002 0.998 
242  CT.0YCP    (0)   :  0.003 0.997 
243  CT.0YH1    (0)   :  0.002 0.998 
244  CT.0YJY    (0)   :  0.002 0.998 
245  CT.0YEF    (0)   :  0.002 0.998 
246  CT.0YK7    (0)   :  0.002 0.998 
247  CT.0YEL    (0)   :  0.002 0.998 
248  CT.0YFT    (0)   :  0.003 0.997 
249  CT.0YF3    (0)   :  0.004 0.996 
250  CT.0YCT    (0)   :  0.004 0.996 
251  CT.0YFA    (0)   :  0.004 0.996 
252  CT.0YFH    (0)   :  0.004 0.996 
253  CT.0YEC    (0)   :  0.005 0.995 
254  CT.0YEY    (0)   :  0.004 0.996 
255  CT.0YCM    (0)   :  0.004 0.996 
256  CT.0YE3    (0)   :  0.006 0.994 
257  CT.0YF2    (0)   :  0.006 0.994 
258  CT.0YK3    (0)   :  0.007 0.993 
259  CT.0YCL    (0)   :  0.010 0.990 
260  CT.0YFE    (0)   :  0.007 0.993 
261  CT.0YHH    (0)   :  0.004 0.996 
262  CT.0YF8    (0)   :  0.004 0.996 
263  CT.0YF1    (0)   :  0.006 0.994 
264  CT.0YE2    (0)   :  0.008 0.992 
265  CT.0YHP    (0)   :  0.008 0.992 
266  CT.0YEA    (0)   :  0.015 0.985 
267  CT.0YJC    (0)   :  0.013 0.987 
268  CT.0YEJ    (0)   :  0.013 0.987 
269  CT.0YKH    (0)   :  0.007 0.993 
270  CT.0YF0    (0)   :  0.043 0.957 
271  AH.02UT    (0)   :  0.179 0.821 
272  AH.02X0    (0)   :  0.216 0.784 
273      432    (0)   :  0.995 0.005 
274      445    (0)   :  0.998 0.002 
275      447    (0)   :  0.998 0.002 
276      731    (0)   :  0.998 0.002 
277      428    (0)   :  0.998 0.002 
278      735    (0)   :  0.998 0.002 
279      792    (0)   :  0.999 0.001 
280      774    (0)   :  0.871 0.129 
281      779    (0)   :  0.003 0.997 
282      434    (0)   :  0.994 0.006 
283      433    (0)   :  0.996 0.004 
284      444    (0)   :  0.998 0.002 
285      789    (2)   :  0.998 0.002 
286      788    (2)   :  0.996 0.004 
287      436    (0)   :  0.993 0.007 
288      405    (0)   :  0.997 0.003 
289      396    (0)   :  0.997 0.003 
290      463    (0)   :  0.996 0.004 
291      424    (0)   :  0.996 0.004 
292      747    (0)   :  0.994 0.006 
293      451    (0)   :  0.997 0.003 
294      775    (0)   :  0.997 0.003 
295      637    (0)   :  0.997 0.003 
296      763    (0)   :  0.997 0.003 
297      713    (0)   :  0.997 0.003 
298      634    (0)   :  0.997 0.003 
299      391    (0)   :  0.997 0.003 
300      399    (0)   :  0.997 0.003 
301      419    (0)   :  0.997 0.003 
302      711    (0)   :  0.998 0.002 
303      418    (0)   :  0.998 0.002 
304      475    (0)   :  0.998 0.002 
305      425    (0)   :  0.998 0.002 
306      715    (0)   :  0.998 0.002 
307      708    (0)   :  0.998 0.002 
308      450    (0)   :  0.998 0.002 
309      636    (0)   :  0.998 0.002 
310      415    (0)   :  0.998 0.002 
311      705    (0)   :  0.998 0.002 
312      707    (0)   :  0.998 0.002 
313      398    (0)   :  0.998 0.002 
314      435    (0)   :  0.998 0.002 
315      623    (0)   :  0.998 0.002 
316      412    (0)   :  0.998 0.002 
317      401    (0)   :  0.998 0.002 
318      393    (0)   :  0.998 0.002 
319      414    (0)   :  0.998 0.002 
320      710    (0)   :  0.998 0.002 
321      706    (0)   :  0.998 0.002 
322      421    (0)   :  0.998 0.002 
323      712    (0)   :  0.998 0.002 
324      709    (0)   :  0.999 0.001 
325      716    (0)   :  0.998 0.002 
326      411    (0)   :  0.998 0.002 
327      410    (0)   :  0.998 0.002 
328      406    (0)   :  0.998 0.002 
329      423    (0)   :  0.998 0.002 
330      397    (0)   :  0.998 0.002 
331      427    (0)   :  0.998 0.002 
332      474    (0)   :  0.998 0.002 
333      408    (0)   :  0.997 0.003 
334      402    (0)   :  0.998 0.002 
335      422    (0)   :  0.998 0.002 
336      403    (0)   :  0.998 0.002 
337      426    (0)   :  0.998 0.002 
338      714    (0)   :  0.998 0.002 
339      717    (0)   :  0.998 0.002 
340      409    (0)   :  0.999 0.001 
341      394    (0)   :  0.998 0.002 
342      448    (0)   :  0.998 0.002 
343      761    (0)   :  0.998 0.002 
344      416    (0)   :  0.998 0.002 
345      407    (0)   :  0.998 0.002 
346      476    (0)   :  0.998 0.002 
347      413    (0)   :  0.998 0.002 
348      400    (0)   :  0.998 0.002 
349      392    (0)   :  0.999 0.001 
350      420    (0)   :  0.999 0.001 
351      395    (0)   :  0.999 0.001 
352      404    (0)   :  0.998 0.002 
353      390    (0)   :  0.999 0.001 
354      417    (0)   :  0.999 0.001 
355      639    (0)   :  0.999 0.001 
356      704    (0)   :  0.826 0.174 
357      638    (0)   :  0.847 0.153 
358      471    (0)   :  0.997 0.003 
359      790    (0)   :  0.990 0.010 
360      787    (0)   :  0.998 0.002 
361      785    (0)   :  0.998 0.002 
362      786    (0)   :  0.998 0.002 
363      457   (14)   :  0.996 0.004 
364      733   (11)   :  0.997 0.003 
365      727   (11)   :  0.998 0.002 
366      725   (11)   :  0.998 0.002 
367      724    (8)   :  0.996 0.004 
368      469    (5)   :  0.998 0.002 
369      734    (2)   :  0.998 0.002 
370      453    (2)   :  0.998 0.002 
371      452    (0)   :  0.978 0.022 
372      740    (0)   :  0.985 0.015 
373      462    (0)   :  0.996 0.004 
374      718    (0)   :  0.989 0.011 
375      730    (0)   :  0.997 0.003 
376      454    (0)   :  0.997 0.003 
377      430    (0)   :  0.997 0.003 
378      442    (0)   :  0.997 0.003 
379      739    (0)   :  0.997 0.003 
380      449    (0)   :  0.998 0.002 
381      460    (0)   :  0.997 0.003 
382      464    (0)   :  0.998 0.002 
383      459    (0)   :  0.998 0.002 
384      443    (0)   :  0.998 0.002 
385      429    (0)   :  0.998 0.002 
386      732    (0)   :  0.998 0.002 
387      470    (0)   :  0.998 0.002 
388      438    (0)   :  0.998 0.002 
389      741    (0)   :  0.998 0.002 
390      738    (0)   :  0.998 0.002 
391      728    (0)   :  0.998 0.002 
392      455    (0)   :  0.998 0.002 
393      439    (0)   :  0.998 0.002 
394      467    (0)   :  0.998 0.002 
395      461    (0)   :  0.998 0.002 
396      472    (0)   :  0.999 0.001 
397      441    (0)   :  0.998 0.002 
398      440    (0)   :  0.998 0.002 
399      473    (0)   :  0.998 0.002 
400      719    (0)   :  0.998 0.002 
401      762    (0)   :  0.998 0.002 
402      466    (0)   :  0.998 0.002 
403      723    (0)   :  0.998 0.002 
404      458    (5)   :  0.991 0.009 
405      542    (0)   :  0.160 0.840 
406      746    (0)   :  0.998 0.002 
407      745    (0)   :  0.998 0.002 
408      770    (2)   :  0.998 0.002 
409      771    (0)   :  0.998 0.002 
410      635    (0)   :  0.998 0.002 
411      437    (0)   :  0.998 0.002 
412      446    (0)   :  0.998 0.002 
413      769    (0)   :  0.999 0.001 
414      768    (0)   :  0.998 0.002 
415      726    (0)   :  0.998 0.002 
416      431    (0)   :  0.998 0.002 
417      772    (0)   :  0.987 0.013 


Estimated Allele Frequencies in each cluster
First column gives estimated ancestral frequencies


Locus 1 : CPH9 
9 alleles
0.0% missing data
 144   (0.169) 0.544 0.055 
 164   (0.064) 0.200 0.005 
 140   (0.213) 0.022 0.392 
 162   (0.064) 0.134 0.006 
 142   (0.109) 0.070 0.036 
 150   (0.214) 0.025 0.364 
 148   (0.045) 0.004 0.004 
 152   (0.058) 0.000 0.058 
 154   (0.063) 0.000 0.079 

Locus 2 : CPH12 
9 alleles
0.5% missing data
 205   (0.220) 0.234 0.198 
 195   (0.433) 0.451 0.602 
 197   (0.061) 0.269 0.005 
 199   (0.050) 0.042 0.004 
 207   (0.063) 0.001 0.063 
 193   (0.064) 0.000 0.109 
 209   (0.036) 0.000 0.010 
 203   (0.035) 0.001 0.006 
 201   (0.039) 0.003 0.003 

Locus 3 : C20_253 
8 alleles
0.0% missing data
 104   (0.111) 0.193 0.032 
 108   (0.323) 0.114 0.635 
 110   (0.138) 0.036 0.131 
 102   (0.121) 0.152 0.047 
 112   (0.077) 0.005 0.041 
 100   (0.107) 0.257 0.028 
  94   (0.064) 0.243 0.006 
 106   (0.058) 0.000 0.080 

Locus 4 : C09_250 
11 alleles
0.0% missing data
 133   (0.183) 0.245 0.244 
 135   (0.089) 0.071 0.039 
 137   (0.179) 0.242 0.228 
 131   (0.114) 0.179 0.072 
 127   (0.072) 0.001 0.170 
 129   (0.038) 0.004 0.004 
 139   (0.110) 0.226 0.057 
 141   (0.106) 0.031 0.109 
 143   (0.045) 0.000 0.057 
 147   (0.032) 0.000 0.010 
 123   (0.032) 0.000 0.010 

Locus 5 : FH2010 
7 alleles
0.5% missing data
 216   (0.063) 0.224 0.006 
 232   (0.197) 0.268 0.144 
 236   (0.133) 0.004 0.310 
 220   (0.085) 0.045 0.024 
 228   (0.287) 0.424 0.278 
 224   (0.158) 0.027 0.210 
 212   (0.076) 0.007 0.029 

Locus 6 : CPH5 
6 alleles
1.4% missing data
 110   (0.223) 0.422 0.160 
 114   (0.393) 0.240 0.670 
 112   (0.125) 0.098 0.061 
 124   (0.098) 0.188 0.022 
 116   (0.126) 0.050 0.084 
 126   (0.036) 0.002 0.003 

Locus 7 : CPH7 
6 alleles
0.0% missing data
 165   (0.268) 0.514 0.241 
 169   (0.191) 0.126 0.199 
 171   (0.310) 0.314 0.407 
 167   (0.086) 0.034 0.029 
 163   (0.090) 0.011 0.053 
 161   (0.055) 0.000 0.070 

Locus 8 : Cxx_121 
14 alleles
0.2% missing data
  81   (0.046) 0.120 0.003 
 101   (0.117) 0.257 0.070 
 103   (0.137) 0.015 0.369 
 105   (0.126) 0.448 0.067 
  97   (0.108) 0.026 0.136 
  95   (0.066) 0.004 0.051 
  99   (0.104) 0.038 0.091 
  91   (0.065) 0.091 0.012 
 109   (0.047) 0.000 0.066 
 107   (0.057) 0.001 0.100 
 113   (0.032) 0.000 0.009 
  93   (0.032) 0.000 0.009 
 111   (0.032) 0.000 0.009 
  89   (0.031) 0.001 0.006 

Locus 9 : FH2137 
21 alleles
0.2% missing data
 171   (0.040) 0.130 0.005 
 183   (0.038) 0.102 0.003 
 173   (0.084) 0.060 0.095 
 163   (0.059) 0.152 0.019 
 175   (0.038) 0.091 0.003 
 167   (0.060) 0.119 0.020 
 169   (0.104) 0.153 0.154 
 179   (0.062) 0.069 0.021 
 161   (0.057) 0.109 0.017 
 165   (0.069) 0.012 0.093 
 181   (0.052) 0.001 0.237 
 156   (0.035) 0.000 0.025 
 164   (0.044) 0.001 0.069 
 151   (0.029) 0.000 0.017 
 188   (0.033) 0.000 0.025 
 185   (0.036) 0.000 0.056 
 168   (0.036) 0.000 0.041 
 177   (0.036) 0.000 0.048 
 159   (0.026) 0.000 0.010 
 176   (0.031) 0.000 0.018 
 157   (0.033) 0.000 0.025 

Locus 10 : CPH22 
4 alleles
0.2% missing data
 110   (0.196) 0.425 0.090 
 112   (0.567) 0.380 0.805 
 114   (0.145) 0.065 0.088 
 116   (0.092) 0.129 0.017 

Locus 11 : VWF 
8 alleles
0.0% missing data
 172   (0.181) 0.386 0.073 
 160   (0.205) 0.008 0.500 
 142   (0.071) 0.139 0.008 
 178   (0.067) 0.135 0.007 
 166   (0.303) 0.289 0.265 
 154   (0.056) 0.042 0.005 
 148   (0.073) 0.000 0.123 
 190   (0.044) 0.000 0.019 

Locus 12 : Cxx_123 
8 alleles
0.0% missing data
 139   (0.174) 0.062 0.272 
 143   (0.242) 0.257 0.335 
 141   (0.142) 0.201 0.096 
 131   (0.052) 0.115 0.004 
 145   (0.190) 0.209 0.205 
 151   (0.050) 0.083 0.004 
 147   (0.116) 0.071 0.079 
 123   (0.034) 0.002 0.003 

Locus 13 : CPH2 
11 alleles
0.2% missing data
  94   (0.140) 0.280 0.086 
 100   (0.085) 0.121 0.027 
 106   (0.079) 0.001 0.317 
  98   (0.111) 0.062 0.086 
 104   (0.070) 0.137 0.013 
 102   (0.091) 0.095 0.034 
  96   (0.247) 0.241 0.414 
 112   (0.032) 0.001 0.004 
 110   (0.066) 0.045 0.013 
 108   (0.038) 0.006 0.004 
 107   (0.040) 0.011 0.003 

Locus 14 : FH2004 
18 alleles
0.5% missing data
 175   (0.092) 0.233 0.044 
 115   (0.182) 0.360 0.272 
 119   (0.066) 0.001 0.188 
 151   (0.047) 0.128 0.005 
 111   (0.145) 0.093 0.296 
 147   (0.045) 0.121 0.004 
 191   (0.050) 0.004 0.014 
 171   (0.037) 0.013 0.003 
 179   (0.031) 0.003 0.003 
 194   (0.030) 0.000 0.010 
 169   (0.029) 0.000 0.010 
 123   (0.047) 0.000 0.078 
 183   (0.031) 0.000 0.010 
 187   (0.038) 0.000 0.033 
 203   (0.029) 0.000 0.010 
 107   (0.029) 0.000 0.010 
 155   (0.039) 0.041 0.003 
 143   (0.031) 0.001 0.007 

Locus 15 : FH2088 
9 alleles
0.7% missing data
 122   (0.119) 0.146 0.067 
 126   (0.218) 0.319 0.261 
 130   (0.145) 0.016 0.319 
 118   (0.161) 0.381 0.111 
 134   (0.145) 0.086 0.158 
  94   (0.049) 0.045 0.005 
 138   (0.057) 0.002 0.025 
 110   (0.073) 0.004 0.045 
 114   (0.033) 0.000 0.010 

Locus 16 : FH2096 
4 alleles
0.0% missing data
 102   (0.503) 0.734 0.476 
  98   (0.146) 0.215 0.053 
 106   (0.242) 0.032 0.412 
 110   (0.109) 0.019 0.059 

Locus 17 : CPH6 
14 alleles
0.0% missing data
 132   (0.104) 0.673 0.032 
 129   (0.078) 0.001 0.350 
 130   (0.071) 0.071 0.016 
 139   (0.037) 0.002 0.006 
 121   (0.110) 0.061 0.075 
 123   (0.158) 0.155 0.163 
 134   (0.078) 0.025 0.030 
 131   (0.096) 0.007 0.116 
 127   (0.070) 0.002 0.105 
 136   (0.034) 0.001 0.008 
 128   (0.052) 0.002 0.028 
 125   (0.045) 0.000 0.050 
 133   (0.033) 0.000 0.010 
 138   (0.033) 0.000 0.010 

Locus 18 : CPH4 
9 alleles
0.2% missing data
 144   (0.127) 0.322 0.042 
 150   (0.111) 0.385 0.026 
 146   (0.290) 0.154 0.469 
 148   (0.211) 0.048 0.363 
 149   (0.097) 0.074 0.032 
 154   (0.044) 0.017 0.003 
 142   (0.050) 0.000 0.046 
 134   (0.036) 0.000 0.010 
 140   (0.035) 0.000 0.010 

Locus 19 : REN169O18 
10 alleles
0.5% missing data
 164   (0.192) 0.539 0.162 
 154   (0.047) 0.000 0.052 
 158   (0.198) 0.057 0.428 
 168   (0.043) 0.017 0.004 
 166   (0.119) 0.079 0.086 
 162   (0.116) 0.101 0.074 
 156   (0.091) 0.188 0.026 
 160   (0.113) 0.016 0.148 
 170   (0.048) 0.002 0.011 
 174   (0.033) 0.000 0.009 

Locus 20 : REN54P11 
9 alleles
0.2% missing data
 237   (0.142) 0.565 0.053 
 239   (0.072) 0.074 0.012 
 227   (0.137) 0.008 0.278 
 241   (0.100) 0.075 0.039 
 235   (0.275) 0.190 0.414 
 233   (0.139) 0.087 0.102 
 223   (0.050) 0.000 0.046 
 229   (0.049) 0.000 0.046 
 231   (0.035) 0.000 0.010 

Locus 21 : INRA21 
7 alleles
0.2% missing data
  98   (0.260) 0.295 0.327 
  92   (0.233) 0.203 0.293 
  94   (0.106) 0.029 0.075 
  96   (0.229) 0.452 0.207 
 100   (0.079) 0.020 0.028 
  90   (0.045) 0.001 0.023 
  88   (0.048) 0.000 0.047 

Locus 22 : AHT137 
13 alleles
0.0% missing data
 148   (0.106) 0.208 0.059 
 136   (0.054) 0.000 0.154 
 150   (0.074) 0.015 0.045 
 124   (0.043) 0.047 0.004 
 142   (0.046) 0.106 0.004 
 146   (0.137) 0.210 0.143 
 132   (0.119) 0.232 0.083 
 134   (0.084) 0.103 0.036 
 144   (0.073) 0.019 0.041 
 138   (0.069) 0.048 0.021 
 140   (0.077) 0.011 0.068 
 130   (0.066) 0.001 0.276 
 152   (0.052) 0.001 0.066 

Locus 23 : REN169D01 
10 alleles
0.0% missing data
 198   (0.113) 0.294 0.036 
 204   (0.081) 0.316 0.013 
 212   (0.193) 0.036 0.398 
 208   (0.178) 0.034 0.328 
 200   (0.047) 0.047 0.004 
 214   (0.125) 0.234 0.058 
 210   (0.077) 0.013 0.030 
 216   (0.097) 0.027 0.055 
 206   (0.051) 0.000 0.061 
 220   (0.039) 0.000 0.017 

Locus 24 : AHTk253 
10 alleles
1.7% missing data
 284   (0.125) 0.297 0.043 
 290   (0.122) 0.123 0.060 
 288   (0.237) 0.038 0.569 
 280   (0.088) 0.349 0.015 
 286   (0.144) 0.178 0.083 
 282   (0.059) 0.006 0.013 
 296   (0.047) 0.001 0.031 
 298   (0.049) 0.006 0.009 
 294   (0.062) 0.002 0.035 
 292   (0.067) 0.000 0.142 

Locus 25 : FH2848 
9 alleles
3.8% missing data
 230   (0.177) 0.212 0.173 
 232   (0.136) 0.237 0.079 
 236   (0.163) 0.170 0.150 
 234   (0.145) 0.343 0.083 
 238   (0.160) 0.033 0.303 
 226   (0.039) 0.000 0.021 
 240   (0.090) 0.004 0.106 
 242   (0.049) 0.000 0.056 
 228   (0.043) 0.000 0.029 

Locus 26 : REN162C04 
10 alleles
1.7% missing data
 196   (0.058) 0.209 0.005 
 202   (0.244) 0.643 0.209 
 204   (0.120) 0.013 0.159 
 206   (0.148) 0.020 0.247 
 198   (0.045) 0.013 0.005 
 200   (0.140) 0.068 0.127 
 208   (0.102) 0.013 0.092 
 190   (0.044) 0.021 0.004 
 212   (0.063) 0.000 0.141 
 186   (0.034) 0.000 0.011 

Locus 27 : REN247M23 
8 alleles
6.5% missing data
 271   (0.253) 0.185 0.266 
 277   (0.119) 0.172 0.037 
 281   (0.061) 0.110 0.006 
 273   (0.206) 0.174 0.169 
 267   (0.070) 0.219 0.008 
 279   (0.120) 0.119 0.045 
 269   (0.110) 0.001 0.460 
 275   (0.060) 0.020 0.010 

Locus 28 : INU055 
7 alleles
0.0% missing data
 198   (0.296) 0.472 0.320 
 200   (0.127) 0.227 0.051 
 204   (0.123) 0.073 0.074 
 208   (0.132) 0.040 0.122 
 196   (0.054) 0.001 0.022 
 202   (0.192) 0.187 0.175 
 206   (0.077) 0.000 0.236 

Locus 29 : AHTh260 
17 alleles
1.0% missing data
 243   (0.042) 0.158 0.003 
 244   (0.139) 0.176 0.198 
 236   (0.131) 0.139 0.229 
 250   (0.037) 0.000 0.038 
 238   (0.091) 0.166 0.053 
 266   (0.041) 0.057 0.004 
 248   (0.092) 0.138 0.063 
 231   (0.042) 0.099 0.003 
 242   (0.075) 0.048 0.046 
 230   (0.031) 0.003 0.003 
 240   (0.065) 0.001 0.239 
 245   (0.032) 0.006 0.002 
 247   (0.028) 0.001 0.003 
 246   (0.056) 0.001 0.083 
 232   (0.032) 0.003 0.005 
 252   (0.034) 0.000 0.023 
 264   (0.032) 0.003 0.004 

Locus 30 : INU030 
7 alleles
0.2% missing data
 139   (0.057) 0.079 0.006 
 145   (0.244) 0.402 0.205 
 143   (0.213) 0.275 0.178 
 149   (0.240) 0.072 0.410 
 147   (0.133) 0.148 0.065 
 151   (0.066) 0.000 0.131 
 141   (0.047) 0.024 0.004 

Locus 31 : AHTk211 
7 alleles
0.0% missing data
  89   (0.260) 0.642 0.151 
  87   (0.109) 0.002 0.238 
  93   (0.197) 0.023 0.323 
  85   (0.218) 0.110 0.213 
  91   (0.125) 0.220 0.037 
  83   (0.043) 0.003 0.006 
  95   (0.050) 0.000 0.033 

Locus 32 : CPH8 
8 alleles
0.7% missing data
 214   (0.181) 0.404 0.128 
 208   (0.304) 0.349 0.450 
 212   (0.128) 0.132 0.080 
 218   (0.051) 0.057 0.005 
 210   (0.121) 0.035 0.109 
 200   (0.138) 0.024 0.202 
 202   (0.035) 0.000 0.010 
 216   (0.042) 0.001 0.016 

Locus 33 : CXX279 
11 alleles
0.5% missing data
 118   (0.129) 0.239 0.098 
 128   (0.131) 0.400 0.079 
 114   (0.127) 0.019 0.269 
 122   (0.151) 0.164 0.177 
 124   (0.123) 0.084 0.136 
 134   (0.051) 0.059 0.008 
 126   (0.060) 0.023 0.013 
 116   (0.098) 0.009 0.150 
 120   (0.067) 0.003 0.052 
 106   (0.032) 0.000 0.010 
 130   (0.032) 0.001 0.007 

Locus 34 : FH2145 
18 alleles
6.2% missing data
 282   (0.168) 0.603 0.274 
 281   (0.077) 0.195 0.030 
 294   (0.080) 0.035 0.075 
 283   (0.069) 0.028 0.041 
 285   (0.057) 0.039 0.022 
 286   (0.078) 0.016 0.107 
 290   (0.088) 0.030 0.119 
 272   (0.042) 0.000 0.082 
 276   (0.046) 0.000 0.114 
 288   (0.032) 0.011 0.003 
 287   (0.042) 0.042 0.006 
 280   (0.035) 0.000 0.026 
 289   (0.032) 0.000 0.018 
 284   (0.031) 0.000 0.018 
 302   (0.032) 0.000 0.018 
 278   (0.028) 0.000 0.010 
 291   (0.032) 0.000 0.018 
 298   (0.031) 0.000 0.018 

Values of parameters used in structure:
DATAFILE=C:\Users\Tomaz Skrbinsek\Documents\ProjektiMednarodno\Korea2016\Exercises\E5.3_ConsGen2016_StructureExercise2\StructureProjects\WolfDogExploration\project_data,	OUTFILE=C:\Users\Tomaz Skrbinsek\Documents\ProjektiMednarodno\Korea2016\Exercises\E5.3_ConsGen2016_StructureExercise2\StructureProjects\WolfDogExploration\WolfDogExplore\Results\WolfDogExplore_run_6,	NUMINDS=417,	NUMLOCI=34,	MISSING=-9,	LABEL=1,	POPDATA=0,	POPFLAG=0,	PHENOTYPE=0,	EXTRACOLS=0,	MAXPOPS=2,	BURNIN=10000,	NUMREPS=100000,	USEPOPINFO=0,	INFERALPHA=1,	INFERLAMBDA=0,	POPSPECIFICLAMBDA=0,	POPALPHAS=0,	COMPUTEPROB=1,	NOADMIX=0,	ADMBURNIN=2500,	UPDATEFREQ=1,	PRINTLIKES=0,	INTERMEDSAVE=0,	PRINTKLD=0,	PRINTNET=0,	PRINTLAMBDA=0,	ANCESTDIST=0,	NUMBOXES=1000,	ANCESTPINT=0.90000,	GENSBACK=2,	MIGRPRIOR=0.05000,	PRINTQHAT=0,	PRINTQSUM=0,	ALPHA=1.0000,	FREQSCORR=1,	FPRIORMEAN=0.0100,	FPRIORSD=0.0500,	ONEFST=0,	LAMBDA=1.0000,	UNIFPRIORALPHA=1,	ALPHAMAX=10.0000,	ALPHAPRIORA=1.0000,	ALPHAPRIORB=2.0000,	ALPHAPROPSD=0.0250,	STARTATPOPINFO=0,	RANDOMIZE=1,	LINKAGE=0,	METROFREQ=10,	REPORTHITRATE=0,	MARKOVPHASE=-1,	PHASED=0,	PLOIDY=2,	PHASEINFO=0	LOCPRIOR=0, 	LOCPRIORINIT=1.000000, 	LOCDATA=1, 	LOCISPOP=0, 	LOCPRIORSTEP=0.100000, 	MAXLOCPRIOR=20.000000, 	SEED=1471871949,	
[STRAT parameters]:    NUMSIMSTATS=1000,	PHENOTYPECOL=-9,	POOLFREQ=10,	LOCUSxONLY=0,	EMERROR=0.00100,	MISSINGPHENO=-9,	