CPH9 CPH12 C20_253 C09_250 FH2010 CPH5 CPH7 Cxx_121 FH2137 CPH22 VWF Cxx_123 CPH2 FH2004 FH2088 FH2096 CPH6 CPH4 REN169O18 REN54P11 INRA21 AHT137 REN169D01 AHTk253 FH2848 REN162C04 REN247M23 INU055 AHTh260 INU030 AHTk211 CPH8 CXX279 FH2145 
537 1 144 144 195 195 100 100 127 133 228 232 110 110 163 165 081 105 171 173 114 116 142 178 143 151 104 104 175 175 094 094 102 102 132 132 146 149 162 164 237 241 092 098 146 146 204 214 280 288 230 234 196 202 267 267 198 198 231 248 143 143 089 089 212 218 124 128 281 281
509 1 162 164 195 195 094 100 129 133 228 232 110 114 165 169 101 105 171 179 112 116 142 142 143 151 102 104 115 175 118 126 106 106 132 132 150 154 164 164 233 237 092 098 134 148 204 204 280 288 232 234 196 202 267 267 198 198 248 248 145 145 089 089 212 218 128 128 282 294
514 1 144 164 195 195 094 100 131 141 216 228 112 112 165 171 101 105 163 167 112 112 142 142 141 143 -9 -9 -9 -9 -9 -9 098 102 123 132 144 146 164 166 237 237 096 098 132 134 198 216 284 284 234 234 202 202 -9 -9 198 198 266 266 145 145 089 089 212 212 118 128 -9 -9
577 1 162 164 195 195 102 102 131 131 220 228 110 124 165 171 105 105 161 167 110 116 142 166 141 141 094 102 151 151 126 126 102 102 132 134 144 146 164 164 227 235 096 098 142 148 212 214 280 284 -9 -9 196 202 -9 -9 198 198 238 248 145 147 089 089 214 214 118 126 -9 -9
597 1 150 162 195 197 100 102 129 137 228 232 110 114 165 165 097 105 171 183 112 114 172 178 143 151 094 104 115 147 118 118 102 102 123 132 150 150 164 164 233 237 096 096 124 150 214 216 -9 -9 234 234 202 208 -9 -9 198 200 248 266 145 147 089 089 212 214 124 128 -9 -9
513 1 142 144 197 197 094 100 131 139 228 232 116 124 165 167 105 105 167 179 110 110 166 172 151 151 102 110 115 115 118 118 098 102 121 123 144 150 162 164 235 237 096 098 146 146 198 214 284 284 234 236 202 206 267 271 198 200 231 238 145 145 089 091 210 214 118 118 -9 -9
501 1 162 164 195 197 094 100 131 137 216 228 110 110 165 169 105 105 167 179 112 116 142 178 141 143 094 104 147 175 118 122 102 106 123 132 150 150 164 164 233 237 094 096 124 148 200 216 280 280 230 236 196 202 267 271 198 200 243 248 145 147 089 089 212 212 128 128 282 285
563 1 140 150 195 195 102 102 131 137 220 228 110 124 165 171 081 105 161 167 110 116 154 172 145 145 100 102 151 175 118 126 098 102 132 132 144 149 162 164 235 235 092 096 142 146 204 216 280 280 232 234 200 202 271 271 198 202 238 248 147 149 089 089 212 214 128 128 281 285
674 1 144 144 195 205 104 108 131 133 216 228 110 110 165 169 105 105 161 161 112 114 154 172 143 143 094 098 115 151 118 126 102 102 123 131 144 150 156 164 233 237 092 096 132 132 204 204 284 286 230 236 196 202 271 273 198 202 238 248 143 145 089 091 208 208 128 134 281 282
758 1 142 150 195 195 100 108 131 131 228 228 110 112 171 171 101 105 161 163 112 112 154 172 143 145 094 102 151 175 122 126 098 106 130 132 144 150 162 164 235 237 096 096 124 148 198 214 280 286 230 234 196 202 267 281 198 200 243 266 143 145 089 089 212 214 124 124 282 282
591 1 144 150 195 197 100 108 139 139 220 232 110 114 165 165 091 105 169 169 112 114 178 178 141 141 094 102 147 175 126 126 098 102 132 132 146 150 160 166 237 241 092 096 148 148 214 214 280 284 234 234 196 196 267 267 198 200 238 248 143 147 089 089 212 214 128 128 282 286
526 1 144 150 195 205 094 102 131 139 216 228 112 114 165 171 081 101 161 163 112 112 142 172 141 141 094 100 151 151 122 126 098 102 123 130 146 150 164 164 237 241 096 096 124 148 198 216 280 286 234 234 200 202 267 267 198 200 243 244 147 149 089 091 212 218 118 124 282 294
587 1 144 164 195 195 094 102 131 139 220 232 116 124 165 165 105 105 161 161 110 112 154 172 145 147 102 104 115 175 122 126 102 106 132 132 144 150 156 164 237 237 098 098 140 146 204 216 280 280 232 234 196 196 267 277 198 208 248 266 143 147 089 089 208 212 126 128 282 282
643 1 144 162 195 205 094 094 139 141 216 228 110 124 171 171 105 105 161 169 112 112 172 172 143 145 096 104 115 175 094 134 098 102 123 132 144 146 156 166 235 235 096 096 148 148 198 214 280 290 234 234 202 202 267 277 198 200 231 248 145 147 089 091 208 214 126 134 294 294
756 1 164 164 195 195 102 108 131 139 216 228 110 112 165 171 101 105 161 169 112 112 172 172 145 145 104 104 151 175 122 134 098 098 130 132 146 146 156 156 237 241 092 092 124 124 198 214 280 286 230 234 202 202 271 271 198 200 244 244 143 143 089 089 214 214 128 128 282 282
599 1 142 144 197 205 100 102 131 135 216 216 112 112 165 171 081 081 161 167 112 112 154 172 141 145 098 110 175 175 126 126 098 102 130 132 146 146 164 166 237 241 096 098 124 148 198 216 284 286 234 234 200 202 267 271 198 198 243 248 145 149 089 091 212 212 124 128 282 282
521 1 150 164 195 195 094 102 131 133 216 228 114 124 165 171 105 105 163 167 110 112 142 142 141 141 094 110 175 175 122 134 098 098 132 134 144 146 164 164 235 237 092 096 134 134 198 204 280 280 234 234 202 202 271 273 198 200 244 248 145 145 089 093 214 214 128 128 281 294
579 1 144 162 195 195 102 102 131 141 216 232 110 110 165 171 101 105 163 171 112 116 154 172 141 143 110 110 115 175 122 126 098 102 132 132 146 146 164 166 241 241 092 092 132 134 214 214 280 284 234 236 202 202 273 277 198 200 236 243 145 147 089 089 210 212 128 128 282 285
500 1 140 142 195 205 100 100 131 139 216 228 110 112 165 171 081 105 163 167 110 112 142 172 141 141 094 098 151 175 122 126 098 098 123 130 146 150 164 166 237 241 096 096 124 134 204 216 280 286 234 234 202 202 267 267 198 198 243 244 145 147 089 091 212 214 122 124 281 294
673 1 162 162 195 197 094 108 133 139 212 228 110 110 171 171 105 105 167 171 110 116 178 178 141 141 094 102 147 147 126 126 098 102 132 132 150 150 156 160 235 241 092 092 146 148 214 214 280 284 234 236 196 202 267 277 198 198 244 266 143 147 089 089 212 212 128 128 281 285
755 1 144 144 195 195 094 108 135 137 228 232 114 114 169 171 099 101 167 171 110 112 172 178 141 151 094 104 151 151 118 118 098 102 121 132 144 150 156 164 237 239 092 096 132 138 198 214 284 286 230 234 200 202 279 281 198 198 243 243 145 145 085 085 208 218 128 134 281 282
694 1 144 144 195 195 100 102 133 137 228 232 114 114 165 169 101 105 171 171 110 112 172 178 141 151 102 104 175 175 094 118 098 102 121 130 144 150 156 164 237 239 096 096 138 142 198 214 286 286 230 234 200 202 279 281 198 198 244 244 145 145 085 085 208 218 128 128 282 283
497 1 144 144 197 197 100 102 131 139 228 228 124 124 165 165 101 105 173 179 110 110 166 172 139 151 096 110 115 115 118 118 098 102 123 132 144 150 164 164 237 237 096 096 138 146 200 214 280 280 234 236 202 202 271 273 198 200 231 231 145 149 089 091 210 214 118 118 281 282
498 1 164 164 195 205 100 100 137 139 220 220 110 112 165 165 105 105 167 169 116 116 142 178 143 147 094 104 151 175 118 126 098 102 132 132 144 146 164 164 237 237 092 092 124 142 204 208 280 280 234 236 202 202 267 281 198 200 238 243 145 145 089 089 214 214 124 128 285 285
544 1 162 164 195 205 094 104 131 133 228 232 110 124 165 171 101 105 163 171 110 112 142 166 145 147 094 096 115 175 118 134 102 102 130 132 149 150 164 166 237 239 096 098 134 146 198 198 280 286 234 236 202 202 271 281 198 198 236 242 143 143 089 089 208 214 122 128 282 282
545 1 144 144 197 205 100 104 133 135 216 232 114 124 165 165 099 105 163 169 110 110 172 172 143 147 094 094 115 175 126 126 102 102 132 132 144 150 156 164 237 237 092 092 132 134 198 204 284 284 236 236 190 202 279 279 198 198 238 242 147 147 085 089 208 208 118 122 282 282
588 1 144 162 195 199 094 100 131 137 232 232 110 110 165 165 101 101 171 183 110 110 142 172 143 145 096 098 111 151 118 134 102 102 123 132 146 150 162 164 233 237 096 096 132 146 198 204 284 290 234 234 196 200 273 281 198 200 238 266 143 145 091 093 208 214 124 134 281 281
665 1 144 144 195 195 100 100 131 137 216 216 110 114 165 165 105 105 169 169 110 112 142 172 141 147 102 104 115 175 118 126 102 102 121 132 144 150 164 168 237 237 092 096 144 146 200 208 284 286 232 236 198 202 267 277 200 200 238 244 145 145 089 093 214 218 114 118 281 282
556 1 144 164 195 195 094 100 131 131 216 228 112 124 165 171 101 105 163 167 110 112 142 142 141 143 094 110 151 175 122 126 098 102 132 132 144 146 164 166 237 237 096 098 132 134 198 216 284 284 234 234 202 202 271 273 198 198 248 266 145 145 089 089 212 214 124 128 281 282
677 1 140 144 195 195 094 094 137 139 216 232 110 114 165 165 101 105 161 167 116 116 172 172 141 141 104 104 115 115 126 126 102 106 123 134 144 146 162 164 235 237 092 096 140 146 204 204 280 280 230 236 196 202 271 277 198 202 238 248 143 145 089 089 214 214 126 128 285 285
624 1 144 144 195 195 094 100 131 133 216 228 114 116 165 165 101 105 161 169 110 112 142 172 141 147 094 104 115 147 126 126 102 102 132 132 146 150 162 168 237 237 092 098 132 144 204 208 284 288 230 236 202 202 277 277 198 200 238 244 145 147 089 089 214 218 114 128 281 294
517 1 144 164 195 197 094 104 133 141 216 228 -9 -9 165 171 101 105 163 175 110 112 166 172 141 145 094 094 115 115 122 126 098 102 132 132 150 150 156 164 237 237 098 098 142 148 198 214 280 284 230 232 202 202 -9 -9 198 202 238 248 139 143 089 089 214 214 122 128 -9 -9
540 1 162 162 205 205 094 100 135 137 232 236 124 124 165 165 101 101 163 183 110 110 166 172 143 145 094 110 115 175 118 126 102 102 123 132 150 150 162 162 237 239 098 098 134 148 198 198 280 290 232 234 202 202 273 279 198 198 243 243 145 147 089 089 200 208 122 128 282 287
602 1 162 164 195 205 100 102 137 141 216 228 110 124 171 171 105 105 167 175 110 110 160 172 131 139 096 104 115 175 126 134 102 102 123 132 144 150 162 164 237 239 098 098 142 148 198 204 290 290 230 238 202 202 267 277 198 198 231 248 143 143 089 089 208 214 118 134 281 282
496 1 142 162 195 205 100 104 133 141 216 228 112 124 165 171 091 105 167 171 110 112 160 172 131 141 094 096 115 175 126 134 102 102 123 132 150 150 162 164 237 237 092 098 142 146 204 204 284 290 230 238 196 202 267 281 198 202 236 248 143 143 089 091 208 208 122 134 281 282
617 1 144 144 195 197 100 108 133 139 216 228 124 124 167 171 101 105 161 161 112 112 166 172 139 143 096 096 115 115 118 118 098 102 123 132 144 144 156 164 237 237 092 096 132 146 198 214 280 280 234 234 202 206 267 281 198 202 231 238 143 145 091 091 210 214 118 128 282 282
603 1 144 162 195 205 104 104 137 139 228 228 110 116 165 171 097 101 167 169 110 110 154 166 143 143 096 098 111 111 118 126 102 102 132 132 150 150 164 164 235 237 096 096 146 146 204 214 280 286 234 236 196 206 275 279 200 200 238 243 143 145 089 091 208 210 118 128 281 288
557 1 144 144 195 195 094 100 133 139 216 232 114 124 169 171 105 105 163 173 112 112 142 172 145 145 098 098 115 151 118 122 102 102 132 132 149 154 164 164 237 237 092 096 132 144 204 214 280 288 234 236 196 198 267 267 200 200 231 243 145 149 089 089 200 214 122 128 282 282
640 1 144 164 197 205 100 104 133 137 216 232 112 124 165 165 105 105 163 163 110 112 160 166 139 145 094 110 171 175 122 126 102 102 132 132 144 150 156 162 237 241 096 098 146 146 198 204 280 290 230 232 202 202 267 271 198 202 236 244 143 143 085 091 208 208 116 122 282 282
516 1 162 164 197 205 100 108 137 139 216 232 110 114 165 169 081 105 161 175 110 112 172 178 143 151 094 110 115 115 094 126 102 102 132 132 144 150 162 164 237 237 096 098 132 146 204 204 280 284 236 236 202 202 273 279 198 198 236 242 145 147 089 089 200 214 118 128 282 282
698 1 142 164 195 195 094 104 137 139 228 232 110 110 165 165 097 101 163 167 110 110 154 172 141 141 094 096 111 115 118 122 102 102 132 132 144 154 164 164 235 239 096 098 146 146 198 214 286 288 232 234 202 206 267 275 198 200 238 243 145 147 089 091 208 208 118 122 281 282
696 1 144 144 195 197 094 102 133 139 228 232 110 116 165 165 101 105 179 183 110 110 166 172 139 143 096 098 111 111 118 122 102 110 132 132 144 154 164 164 235 235 096 096 146 146 214 214 280 280 236 236 202 202 271 273 200 200 231 243 145 149 089 089 208 208 118 118 281 282
701 1 142 144 195 205 104 108 131 139 228 228 110 110 165 167 101 105 167 169 110 110 154 166 143 143 098 098 111 115 118 122 102 102 132 132 150 154 164 164 235 239 096 096 146 146 204 214 280 280 234 236 196 206 275 279 200 200 238 243 143 145 091 091 208 208 118 128 281 282
751 1 142 164 195 197 102 104 133 139 232 232 110 114 165 171 081 101 171 179 110 116 172 178 139 139 096 096 111 111 118 118 098 102 132 132 149 154 164 164 237 237 096 096 146 148 204 214 280 290 232 234 202 202 271 281 198 198 244 248 139 149 089 089 210 214 118 128 281 281
590 1 144 144 195 197 094 104 131 139 228 232 124 124 165 165 105 105 173 179 110 110 166 172 143 145 096 100 147 147 118 122 102 102 121 123 148 148 164 164 233 235 096 096 142 146 214 214 286 290 230 230 196 202 275 277 198 200 231 238 143 145 085 089 210 214 118 122 281 282
679 1 144 164 197 197 094 108 133 141 228 228 124 124 165 165 081 101 163 171 112 116 166 172 143 145 094 094 115 115 126 126 102 102 123 132 144 150 164 164 237 237 098 098 134 134 204 204 280 290 230 238 202 202 279 281 198 202 238 242 143 145 091 091 208 214 118 128 281 282
671 1 144 144 195 197 100 108 133 137 228 228 124 124 165 169 101 105 179 183 110 110 166 178 143 147 098 102 115 115 118 118 102 102 121 132 144 144 164 166 237 237 094 096 132 146 198 200 284 286 232 232 196 202 267 273 198 202 236 238 139 149 085 091 208 214 122 124 282 287
586 1 144 164 197 205 094 108 133 135 216 228 112 124 165 171 101 105 161 163 112 112 166 166 145 147 094 100 115 115 118 118 098 102 130 132 146 150 164 164 237 237 098 098 132 148 198 204 280 280 232 232 202 202 267 273 200 204 238 243 139 143 089 089 208 214 124 128 282 282
558 1 144 162 195 205 094 100 135 137 228 232 124 124 165 165 081 105 167 175 112 116 166 166 139 145 096 104 115 175 122 126 102 102 132 132 150 150 162 164 237 237 096 098 134 148 198 214 280 290 232 232 202 202 271 271 200 202 244 248 145 147 085 089 208 214 118 128 281 282
611 1 144 164 195 205 100 104 133 137 216 232 110 124 165 171 105 105 179 183 110 110 166 166 143 143 096 098 111 115 118 118 102 102 132 132 144 150 156 164 235 237 092 096 132 146 200 204 280 290 232 234 196 202 277 279 202 202 238 248 145 145 085 089 208 214 122 122 287 288
684 1 144 164 195 197 094 094 133 139 216 228 124 124 165 167 101 101 161 179 110 112 154 166 139 147 096 100 115 115 118 118 098 102 123 130 144 144 164 164 237 237 096 098 134 146 204 214 280 286 234 234 202 202 273 281 198 200 231 238 139 145 089 091 214 214 118 124 282 282
531 1 144 164 205 205 100 104 133 137 216 232 110 110 165 165 101 105 163 183 110 112 166 172 141 145 094 096 115 147 118 134 102 102 123 132 149 150 156 164 237 239 096 098 142 148 198 214 284 290 230 232 190 202 271 281 198 200 236 248 143 147 085 091 208 208 118 122 282 282
632 1 144 144 197 205 100 104 131 137 228 232 124 124 165 171 101 105 163 179 110 110 172 178 141 143 094 096 115 147 134 134 098 102 132 132 148 149 164 164 237 239 096 096 142 146 204 214 284 290 232 232 202 202 271 281 200 208 231 244 143 145 085 089 208 214 118 122 282 287
702 1 142 144 195 205 104 104 133 137 228 232 110 124 165 165 099 105 169 179 110 112 166 172 141 143 096 098 115 147 118 118 102 102 132 132 144 150 156 156 235 237 096 098 132 142 204 214 280 280 232 232 202 202 273 279 202 202 236 236 145 147 085 085 208 208 122 126 282 287
651 1 164 164 205 205 102 108 133 135 216 228 112 114 165 165 081 105 167 175 110 110 172 172 141 141 104 110 151 175 094 134 098 102 132 132 144 150 164 164 235 239 092 096 124 134 212 214 284 290 230 236 196 202 267 271 198 200 236 244 143 145 089 091 208 214 118 134 281 282
618 1 142 144 195 195 104 104 133 137 228 232 116 124 165 165 101 101 171 183 110 112 154 166 143 143 094 098 111 115 118 118 102 102 132 132 144 149 164 164 235 237 096 098 132 146 198 214 280 280 232 232 196 202 267 281 198 200 238 243 147 147 091 091 208 214 122 128 282 282
598 1 144 144 197 205 102 104 133 137 216 216 124 124 171 171 105 105 167 179 110 112 166 166 143 143 094 098 111 147 118 118 102 102 132 132 150 150 156 164 233 239 092 096 142 146 204 214 280 280 232 232 190 202 277 279 202 202 236 238 145 145 085 091 208 214 122 128 282 282
662 1 144 144 195 195 104 104 137 137 232 232 124 124 171 171 099 105 163 183 110 110 166 166 143 145 096 096 115 115 118 134 102 102 123 132 150 150 156 164 237 237 098 098 132 146 198 214 280 284 230 234 190 190 271 273 198 198 244 248 147 147 085 085 208 208 122 122 287 287
760 1 144 164 195 197 104 104 137 137 232 232 114 116 165 165 081 105 163 171 110 116 166 178 143 143 094 094 115 175 126 134 102 102 132 132 149 150 164 164 237 237 096 096 132 146 204 214 286 290 232 236 202 202 271 281 198 204 243 244 139 147 089 091 208 214 118 118 281 282
654 1 144 144 195 195 094 094 139 139 228 232 116 116 165 167 101 105 163 163 110 110 166 166 139 145 096 100 147 175 118 118 098 102 123 123 150 150 164 164 233 237 096 096 138 146 198 198 280 290 230 234 196 202 271 277 198 200 231 238 143 145 091 091 208 214 118 118 282 282
606 1 144 144 195 197 102 104 133 139 228 232 110 124 165 165 105 105 163 179 110 110 166 172 139 143 100 110 175 175 118 118 102 102 121 132 144 150 164 164 235 237 092 096 146 146 200 214 280 286 230 234 196 202 273 277 198 198 231 238 143 149 089 091 214 214 118 122 282 282
700 1 164 164 195 197 094 104 131 137 228 232 110 110 165 165 097 101 163 169 110 112 166 172 143 147 094 096 115 175 118 122 102 110 132 132 149 150 164 168 235 237 096 096 132 146 204 204 280 284 232 234 202 202 267 281 200 208 236 243 139 147 085 091 208 208 118 128 281 282
614 1 144 164 197 205 094 104 133 139 216 228 110 124 165 165 101 105 163 183 110 112 166 166 143 145 096 100 115 115 118 118 102 102 132 132 150 150 164 164 237 237 092 098 134 134 198 198 280 280 232 236 202 202 267 279 198 204 242 243 143 143 089 089 214 214 128 128 282 287
633 1 164 164 197 205 104 108 133 133 216 228 110 124 165 165 101 101 163 183 110 110 166 166 143 143 094 100 115 115 118 118 102 102 132 132 150 150 164 164 237 237 098 098 132 132 198 198 280 280 232 232 202 202 267 281 202 204 243 243 139 143 089 089 208 214 124 128 287 287
538 1 144 162 205 205 100 104 133 133 216 232 110 124 165 171 101 105 163 183 110 110 166 172 143 145 094 096 115 175 118 134 102 102 132 132 149 150 162 164 237 237 096 098 132 146 198 214 280 280 232 234 202 202 279 281 198 198 236 243 143 147 089 091 208 208 118 122 282 287
669 1 144 148 197 205 104 108 131 133 220 232 110 114 165 165 103 105 163 183 110 110 172 178 139 143 108 110 147 179 122 126 098 098 121 132 144 144 164 166 235 237 096 096 138 148 198 204 280 298 234 236 196 200 273 275 198 198 231 248 143 147 089 091 208 214 122 126 282 288
686 1 144 144 197 205 100 102 133 139 216 232 110 110 165 165 101 105 179 183 110 110 166 166 143 143 096 098 111 147 118 134 102 102 132 132 149 150 156 164 235 239 092 098 142 146 204 214 280 290 232 232 190 202 277 281 200 204 236 238 145 147 085 091 208 214 118 122 282 287
629 1 144 164 195 197 100 104 133 139 228 232 110 116 165 169 101 105 169 173 110 114 166 166 145 147 096 100 115 115 118 118 102 102 123 134 144 150 164 166 237 237 096 096 132 138 198 200 284 290 232 234 202 202 277 277 200 202 236 245 143 145 089 089 210 214 118 118 281 282
649 1 144 144 197 197 100 102 131 139 228 228 110 124 165 165 101 105 163 179 110 110 172 172 139 145 096 100 147 147 118 122 098 102 123 132 144 150 164 164 235 237 092 096 138 146 214 214 280 280 230 234 196 202 271 273 198 200 231 238 143 145 091 091 210 214 118 122 282 282
675 1 144 164 195 205 102 104 133 133 216 232 110 124 165 171 105 105 163 183 110 110 166 166 143 143 094 100 111 147 118 134 102 102 132 132 149 150 164 164 233 239 092 096 142 146 200 204 280 290 232 232 190 202 277 281 200 202 244 248 145 145 085 091 208 214 122 128 287 288
592 1 142 164 195 197 094 100 139 139 216 228 116 124 165 171 101 101 161 179 110 112 154 166 139 147 098 100 115 115 118 118 098 102 121 130 144 144 164 164 237 237 092 098 132 146 204 214 284 286 234 234 202 202 267 281 200 202 238 243 139 145 091 091 210 214 118 124 282 282
622 1 164 164 195 195 102 102 131 139 228 228 110 112 165 171 101 103 171 171 116 116 166 172 143 151 096 104 115 151 118 122 102 102 132 132 146 146 164 164 235 237 096 098 132 132 204 212 280 288 232 232 202 202 273 273 198 202 238 243 143 147 089 089 214 218 128 128 282 285
644 1 142 162 195 195 094 100 133 139 228 228 110 110 165 169 081 105 163 171 110 112 166 172 141 151 104 108 175 175 122 126 102 102 123 134 144 150 164 164 235 237 096 098 124 140 198 204 280 294 234 234 198 202 271 273 198 198 230 244 139 147 085 089 210 214 118 134 282 282
703 1 144 164 195 197 104 108 137 137 228 232 110 112 163 169 105 105 169 183 110 112 172 172 131 145 094 100 111 151 126 126 102 102 132 132 144 146 164 168 237 237 096 098 132 132 204 214 284 284 232 240 202 202 271 273 200 202 242 266 143 143 085 089 212 212 122 128 282 282
619 1 144 144 195 197 104 104 133 139 228 232 110 124 165 171 105 105 163 175 112 114 172 172 131 143 096 104 151 171 126 126 102 102 123 132 146 150 156 156 237 237 096 098 132 146 198 214 280 290 232 234 202 202 271 273 198 200 244 248 139 145 089 089 212 218 128 128 282 282
578 1 144 164 195 195 100 102 131 141 216 228 114 126 165 165 101 105 163 163 110 112 142 172 141 145 094 094 175 175 -9 -9 098 098 123 132 144 148 164 164 235 237 096 098 124 134 198 212 280 284 234 234 200 202 -9 -9 198 200 238 248 145 149 089 089 214 218 128 128 -9 -9
523 1 144 144 197 199 094 104 133 135 216 232 110 124 171 171 105 105 161 175 110 112 172 172 143 145 098 100 -9 -9 122 126 102 102 123 132 149 150 156 156 237 241 092 098 142 146 198 204 280 290 230 234 202 202 267 281 202 208 236 236 139 143 085 091 214 218 124 128 -9 -9
555 1 142 164 195 197 104 104 131 137 228 232 112 112 165 171 091 105 163 169 110 112 154 172 143 147 094 096 151 151 -9 -9 102 102 132 132 144 149 156 164 237 241 096 098 132 132 198 204 280 280 236 238 202 202 273 273 198 202 236 244 145 149 085 091 208 212 118 122 -9 -9
659 1 144 144 197 205 108 110 133 139 228 228 110 112 169 169 081 105 161 167 112 116 142 172 145 145 094 102 115 175 110 118 102 102 132 132 150 150 158 160 237 241 096 098 132 148 204 204 280 290 232 234 200 202 267 267 198 202 231 243 145 145 089 089 214 218 124 134 281 283
693 1 144 144 195 195 104 110 131 137 216 228 110 114 169 171 081 099 169 175 110 112 142 172 143 145 094 094 115 115 118 118 102 102 132 132 144 150 158 160 237 237 096 096 132 132 198 204 280 284 232 232 196 202 267 273 198 208 243 248 143 149 089 091 208 218 128 134 282 287
683 1 142 144 195 205 094 104 131 137 216 228 110 110 167 169 091 097 165 183 110 112 154 178 141 147 094 098 115 115 118 122 102 102 132 134 146 150 164 164 237 237 096 096 132 146 204 214 284 288 232 236 196 202 273 279 200 202 238 238 139 143 089 091 214 214 118 128 282 283
574 1 144 164 195 205 100 108 133 137 216 232 110 114 165 171 081 101 169 171 112 116 166 172 141 145 094 110 115 151 094 134 098 102 132 132 144 144 164 164 235 237 094 096 124 148 204 212 280 284 230 232 196 206 273 277 198 200 236 244 143 147 091 091 208 214 122 128 282 282
502 1 144 144 195 205 100 104 133 139 228 232 114 114 165 165 081 101 167 175 110 116 166 172 141 151 094 104 151 151 118 122 098 098 132 132 144 150 158 164 235 237 092 094 142 142 204 212 284 288 236 236 202 202 267 271 198 200 238 248 145 147 089 089 214 218 128 134 281 282
653 1 144 164 197 205 094 110 131 133 216 232 110 110 165 169 091 091 165 175 112 112 142 166 145 147 094 094 111 111 118 122 102 102 132 134 144 150 166 166 235 237 096 098 132 150 200 204 280 284 230 234 202 202 267 281 200 202 238 238 139 145 089 091 208 214 126 128 282 283
600 1 144 164 199 205 094 110 131 137 216 232 110 110 165 169 091 091 165 175 112 112 166 178 131 139 094 096 111 151 118 118 102 102 132 132 144 146 166 166 237 237 096 098 132 146 200 204 280 284 230 234 202 202 273 281 200 202 236 238 139 145 089 091 208 214 128 128 282 283
553 1 162 164 195 205 100 108 137 139 228 232 112 114 169 171 081 105 169 175 112 116 166 172 131 131 104 110 115 151 094 134 098 098 132 132 144 149 164 166 233 237 096 096 124 146 204 212 284 286 230 230 202 202 271 281 198 200 236 236 145 147 089 089 208 208 128 128 282 282
608 1 144 162 195 205 104 108 131 137 216 228 110 110 165 169 099 101 161 171 112 112 166 172 141 145 094 094 115 115 118 134 098 102 132 132 144 150 164 164 233 237 096 098 132 148 204 204 280 284 230 238 190 196 279 281 202 202 236 248 143 147 091 091 208 212 122 122 282 282
630 1 144 144 195 197 108 108 131 139 228 232 114 124 165 169 105 105 161 175 110 112 166 172 131 145 102 104 151 151 118 126 098 102 132 132 144 150 160 164 235 237 096 098 142 148 204 214 280 284 232 236 196 200 267 281 202 208 238 238 145 147 089 089 214 218 118 128 287 290
604 1 144 144 195 197 100 104 131 133 228 232 110 110 165 171 099 105 163 179 110 110 154 172 131 139 094 094 111 115 126 134 102 102 132 132 144 149 156 164 235 237 092 096 146 148 204 212 280 284 236 236 190 202 271 281 198 202 238 244 145 145 089 089 208 214 116 128 282 282
571 1 144 144 197 197 100 108 131 133 216 228 110 124 165 165 105 105 161 169 112 116 166 166 143 151 104 110 151 151 126 134 098 102 123 131 144 146 164 164 233 237 096 098 132 148 204 204 284 286 230 234 202 202 267 273 198 200 236 238 143 145 091 091 212 218 122 128 282 282
503 1 144 162 195 205 104 108 137 139 216 216 112 114 169 171 081 105 175 175 112 112 166 172 131 143 104 110 151 151 118 122 098 102 132 132 146 154 164 166 233 237 096 096 124 132 204 204 284 286 230 236 202 202 273 281 198 198 236 238 145 147 089 091 200 208 128 128 282 294
647 1 144 164 199 205 104 104 133 139 228 232 110 124 171 171 101 101 163 171 110 112 166 172 131 147 094 094 115 151 126 138 102 102 123 132 146 150 156 162 237 239 096 096 132 132 198 214 280 290 232 234 202 202 267 273 198 204 236 244 143 143 085 093 212 218 116 122 282 282
620 1 144 162 195 195 100 104 139 139 228 228 114 114 165 171 101 105 167 175 110 112 172 172 131 151 096 110 151 151 118 134 098 098 121 132 149 150 164 166 233 235 094 096 142 146 198 204 284 284 230 236 202 202 277 281 198 204 236 248 145 145 089 089 208 208 128 134 281 282
528 1 144 164 195 197 100 102 131 133 216 232 110 124 165 171 105 105 161 169 112 112 142 166 143 151 104 110 151 151 118 126 098 102 123 132 144 146 164 166 233 235 092 096 132 148 204 212 280 284 234 236 202 202 267 273 198 200 236 238 143 145 089 091 212 218 118 128 282 294
625 1 142 144 195 205 104 104 139 141 216 228 110 114 165 167 091 105 169 179 110 112 166 178 131 143 096 096 147 147 118 118 098 102 132 132 144 148 156 156 237 241 092 096 132 142 198 214 280 280 234 234 190 202 271 273 202 202 236 236 143 145 085 091 208 214 122 128 282 287
589 1 162 164 195 197 094 102 131 139 220 228 110 110 165 165 105 105 171 179 112 116 142 178 141 141 094 100 147 151 122 126 102 102 132 132 150 150 164 164 237 241 092 096 124 146 200 212 280 284 230 236 202 202 267 277 198 200 244 248 145 147 089 089 212 212 114 128 282 285
594 1 144 144 197 197 094 104 133 137 216 216 110 112 169 171 091 105 169 175 110 110 166 172 141 145 094 094 151 151 118 126 098 102 132 132 144 149 156 164 237 241 096 098 132 148 198 204 284 284 232 238 202 202 281 281 198 202 236 248 143 149 091 091 208 208 122 134 281 287
551 1 144 144 205 205 104 108 133 139 228 228 124 124 165 169 101 105 163 183 110 110 166 172 143 147 098 102 115 175 118 122 102 102 121 132 150 150 164 166 235 237 098 098 146 148 198 200 280 286 230 234 196 202 267 277 198 202 236 238 139 149 085 091 214 214 122 122 282 288
533 1 144 164 197 197 104 104 133 135 216 216 124 124 165 165 101 105 169 183 110 112 166 166 145 147 094 100 115 115 118 126 098 102 130 132 146 150 164 164 237 237 092 098 134 148 198 204 280 286 234 236 202 202 273 279 200 204 236 242 139 143 091 091 214 214 124 128 282 282
471 1 144 164 195 199 094 100 135 139 228 228 116 124 165 171 101 105 163 171 110 116 172 172 143 145 094 098 111 151 122 126 098 102 132 132 144 148 164 164 235 237 092 098 134 146 198 204 280 280 234 236 202 202 271 277 198 200 231 243 145 149 089 089 200 214 118 122 281 282
780 2 140 140 195 195 108 108 133 139 228 236 114 114 165 171 103 103 151 181 110 114 160 160 139 145 106 106 111 115 126 130 102 106 123 129 144 148 160 164 235 235 096 098 130 144 212 212 288 294 226 238 200 200 271 279 206 206 236 246 143 149 085 091 200 210 114 128 272 272
601 2 140 150 195 195 106 108 133 143 220 236 114 114 165 171 103 103 165 173 112 112 160 166 139 143 096 096 111 115 118 126 102 110 127 129 144 146 154 162 227 233 092 098 136 144 208 214 288 292 238 238 206 212 269 277 198 202 240 244 149 151 085 087 208 212 114 124 276 282
AP.086T 2 150 152 195 205 108 108 133 141 224 232 114 116 161 169 101 103 169 181 -9 -9 160 172 139 145 096 096 111 194 130 130 106 110 129 129 148 148 158 170 229 235 096 098 130 130 208 212 288 288 226 238 206 212 271 271 202 206 236 244 145 149 087 093 208 214 124 124 272 280
AX.0CFU 2 140 154 193 195 108 110 133 133 224 228 114 114 169 171 099 101 169 188 112 112 160 160 143 145 096 096 119 119 130 130 102 102 127 129 148 148 164 164 235 237 088 098 130 152 212 212 288 292 230 236 200 212 271 273 196 206 236 244 143 151 089 093 200 208 114 124 282 282
EE.14PL 2 140 140 195 195 108 108 127 143 228 236 110 110 167 171 103 107 181 181 112 116 160 160 145 145 096 096 111 111 118 134 106 106 131 131 146 146 158 164 235 235 094 098 134 152 198 212 282 286 230 236 186 206 269 271 200 208 244 244 149 151 089 093 208 214 106 124 282 294
CT.0YJ3 2 140 140 195 195 108 110 133 137 228 236 114 124 165 171 103 109 181 181 110 112 148 160 141 143 096 096 111 111 130 130 102 102 121 129 148 149 158 158 235 235 -9 -9 130 146 208 212 288 292 -9 -9 -9 -9 -9 -9 198 206 236 240 151 151 093 093 200 208 -9 -9 282 290
CT.0YEP 2 140 140 195 195 108 108 127 127 224 224 114 114 169 171 103 109 165 181 112 112 148 160 139 143 096 096 111 111 130 134 106 106 129 129 148 148 160 162 227 241 092 098 136 136 212 212 288 288 -9 -9 -9 -9 -9 -9 202 206 236 236 149 149 085 087 208 208 114 124 272 282
CT.0YFL 2 144 150 195 205 102 110 127 133 224 236 110 114 165 165 109 109 181 185 110 114 160 166 141 143 094 096 111 111 130 134 102 102 121 129 148 149 158 158 233 235 096 098 134 136 208 208 288 292 -9 -9 -9 -9 -9 -9 198 206 240 240 149 149 087 093 208 208 114 114 290 290
CT.0YFU 2 140 152 195 195 108 110 127 141 224 224 110 114 171 171 097 103 169 169 112 112 160 160 139 143 096 106 111 119 130 134 102 106 129 129 146 148 154 162 235 235 096 098 130 136 208 208 288 288 -9 -9 -9 -9 271 271 198 206 236 236 145 149 085 093 208 208 114 114 276 282
CT.0YHC 2 140 140 195 195 108 108 127 127 236 236 114 114 169 171 103 107 168 169 112 112 148 160 139 143 098 106 111 111 130 130 102 106 129 129 148 150 154 164 227 235 092 092 132 132 212 212 288 288 230 230 -9 -9 -9 -9 198 206 240 240 149 149 087 087 208 214 114 116 282 282
CT.0YEU 2 150 154 193 207 104 108 131 137 224 228 114 116 165 169 101 101 165 181 112 112 160 166 139 145 096 106 111 169 118 130 102 106 123 129 146 148 158 158 223 233 098 098 130 146 216 216 288 292 -9 -9 206 206 -9 -9 200 200 242 246 143 143 085 085 212 214 114 122 286 294
CT.0YKM 2 150 154 195 195 108 108 131 133 224 232 112 114 165 165 103 103 161 177 112 112 160 166 139 143 094 096 115 115 130 134 102 106 123 125 148 148 158 164 227 235 092 098 132 146 208 212 284 286 232 234 -9 -9 -9 -9 198 206 248 248 147 149 085 093 212 214 118 118 280 282
CT.0YJX 2 140 154 195 209 108 112 141 143 232 232 114 114 161 171 095 103 156 168 112 112 148 160 139 145 094 094 119 123 130 134 102 102 123 130 146 148 -9 -9 227 227 092 096 146 152 208 208 288 292 230 232 206 206 273 279 198 198 244 246 145 149 087 087 208 210 114 122 272 294
CT.0YEM 2 150 150 195 195 108 108 137 139 228 232 114 116 163 163 097 097 159 173 112 112 160 160 145 145 096 096 115 183 122 126 106 106 131 133 142 146 158 166 227 237 094 098 130 144 208 212 290 292 -9 -9 206 206 269 269 198 198 242 246 147 147 087 089 202 214 122 122 282 282
CT.0YFX 2 140 150 195 205 100 108 127 131 228 228 110 110 169 169 103 103 173 173 112 112 148 160 147 147 102 106 119 191 130 130 102 110 127 127 142 144 158 166 227 235 098 098 130 138 208 212 288 292 234 234 200 200 -9 -9 198 198 236 244 149 149 093 093 208 208 118 118 286 286
CT.0YE7 2 140 154 195 205 108 108 143 147 228 236 112 114 169 171 103 107 164 169 112 112 160 190 139 145 098 106 111 119 126 130 106 106 125 129 146 148 158 158 227 235 092 094 130 136 198 214 288 288 230 240 208 208 269 271 206 206 238 240 149 149 089 093 200 208 118 122 289 290
CT.0YCE 2 150 154 193 193 106 106 133 143 224 224 114 114 165 169 099 103 173 176 112 112 160 166 143 143 106 106 119 119 118 126 106 106 123 123 146 148 158 158 227 229 096 098 130 132 206 212 288 288 236 236 204 204 269 271 202 204 238 250 143 143 087 087 210 210 128 128 282 282
CT.0YFP 2 140 140 193 205 108 108 127 127 232 236 114 114 169 169 097 097 181 181 110 112 160 160 143 143 096 106 119 175 110 130 102 102 128 129 146 148 158 158 235 241 096 098 130 146 198 208 288 288 230 240 212 212 269 269 202 206 238 240 145 151 085 093 208 208 114 116 276 290
CT.0YFM 2 140 140 193 195 108 108 127 127 224 236 114 114 169 171 097 103 165 167 112 112 160 166 139 143 096 106 111 111 126 130 098 106 129 129 134 148 158 162 233 235 092 098 136 148 208 212 288 294 240 242 202 206 269 269 198 206 236 252 149 151 085 087 208 208 122 124 276 284
CT.0YCY 2 140 140 195 195 108 110 133 141 224 236 114 114 171 171 103 103 169 169 112 112 148 160 139 139 106 106 119 123 130 130 102 102 129 129 144 148 160 164 227 227 096 098 130 136 212 212 288 294 238 240 202 212 271 271 202 206 236 244 145 149 087 093 208 208 114 124 272 282
CT.0YCP 2 154 154 193 193 106 106 123 133 232 236 114 114 165 169 099 103 173 176 112 112 160 166 143 143 106 106 119 123 126 126 098 106 129 129 146 148 158 158 227 229 092 096 130 132 206 212 288 288 236 236 202 204 269 269 204 204 244 246 143 151 087 087 210 214 128 128 282 282
CT.0YH1 2 140 150 193 195 108 108 127 133 236 236 114 114 169 171 103 113 169 181 112 112 160 166 139 139 106 106 111 115 118 130 102 106 129 129 146 148 164 164 227 233 092 092 130 140 208 208 288 288 230 230 202 206 269 271 198 208 244 250 149 149 085 089 208 214 118 124 276 286
CT.0YJY 2 140 150 195 205 108 108 133 137 228 236 110 114 163 171 103 103 164 181 112 112 148 160 143 143 106 106 115 187 126 134 106 106 129 129 146 146 158 160 227 227 088 088 132 146 208 212 288 288 236 240 202 206 269 273 198 202 236 244 149 149 085 087 200 212 116 122 281 289
CT.0YEF 2 150 150 205 205 108 108 127 133 224 236 114 114 169 171 103 105 165 169 112 112 148 160 139 139 096 106 119 123 130 130 102 102 129 129 148 148 154 174 235 235 092 098 130 130 208 212 288 294 230 238 206 206 271 279 202 208 236 236 145 149 087 087 208 210 114 116 282 282
CT.0YK7 2 140 152 195 205 104 108 133 137 228 236 114 114 169 171 097 103 157 179 112 112 148 160 143 147 098 106 111 119 118 130 106 106 129 134 146 148 154 162 227 235 096 098 130 130 208 212 288 288 238 242 206 212 269 271 198 206 236 240 149 149 085 089 200 208 114 116 276 282
CT.0YEL 2 140 152 195 195 108 110 127 141 224 224 114 114 171 171 105 105 165 168 112 112 148 160 139 139 096 096 111 111 130 134 102 102 129 129 148 148 160 160 227 227 092 096 130 130 208 208 288 288 238 240 200 200 269 271 198 198 236 240 149 149 085 087 208 208 114 124 272 272
CT.0YFT 2 140 150 205 205 108 108 133 137 224 236 110 114 165 171 097 097 181 185 112 112 160 160 141 143 096 106 119 175 110 134 102 102 128 129 146 148 158 162 235 241 088 098 138 146 212 212 288 288 238 242 212 212 269 273 206 206 238 244 145 145 085 093 208 208 116 116 276 276
CT.0YF3 2 140 150 195 195 108 108 131 137 224 236 112 116 165 171 097 099 181 181 112 112 160 172 143 143 096 098 115 115 126 134 106 106 125 131 146 148 164 166 227 227 098 098 136 152 212 220 284 288 238 242 200 208 269 269 206 206 244 246 143 145 093 093 200 208 118 126 280 290
CT.0YCT 2 152 154 193 205 106 106 137 137 224 236 114 114 165 171 099 107 173 173 112 112 160 166 143 143 096 106 123 123 118 130 098 106 131 131 146 148 158 158 229 235 092 092 132 146 206 212 286 288 230 236 204 204 269 273 198 202 238 244 143 143 087 087 200 210 122 128 282 282
CT.0YFA 2 144 152 205 205 108 110 137 137 224 228 114 114 171 171 097 097 169 181 112 112 160 166 141 141 094 094 111 111 110 134 102 102 121 131 148 148 158 158 235 235 098 098 136 146 212 212 288 292 238 240 204 212 271 271 202 206 236 240 145 151 093 093 208 208 118 122 282 282
CT.0YFH 2 140 144 195 205 108 110 133 137 228 236 114 114 171 171 103 103 157 181 110 112 148 160 139 143 094 096 119 175 110 130 102 102 121 131 146 149 158 158 235 235 096 098 136 146 212 212 288 292 238 240 202 204 271 271 202 202 236 240 151 151 093 093 208 208 114 114 286 290
CT.0YEC 2 140 140 193 195 108 108 137 137 236 236 116 116 165 171 107 107 181 185 112 112 160 166 143 143 096 100 115 115 126 130 106 106 127 129 146 146 164 164 235 235 098 098 148 152 210 210 288 288 238 242 200 200 269 269 206 206 236 238 143 143 085 085 214 214 122 128 282 286
CT.0YEY 2 142 154 195 195 108 108 137 141 228 232 114 114 161 167 097 105 177 188 112 112 166 166 145 145 098 106 119 203 126 134 102 106 125 131 146 146 158 158 227 237 096 098 136 150 206 210 286 292 238 238 202 204 269 269 198 202 244 246 149 151 087 095 208 212 114 116 276 294
CT.0YCM 2 140 150 205 205 102 108 133 137 212 228 114 114 165 169 093 107 181 181 114 114 160 166 143 147 096 098 115 115 126 126 102 102 129 134 146 146 160 164 227 233 096 096 140 144 206 212 288 290 232 238 202 212 269 269 202 204 240 246 145 149 093 093 200 200 122 122 286 294
CT.0YE3 2 142 142 195 195 108 108 135 137 228 228 114 116 161 161 105 105 164 164 112 114 166 166 145 145 096 096 111 123 138 138 102 106 127 127 142 146 158 164 223 223 088 092 136 146 208 208 288 288 230 232 206 206 269 269 196 198 248 248 145 145 095 095 200 212 122 122 283 284
CT.0YF2 2 150 154 195 195 108 108 127 133 224 228 110 114 161 171 103 107 165 179 112 114 148 160 139 143 096 096 111 115 130 130 106 106 123 131 146 146 154 156 223 239 092 098 130 130 212 214 286 288 238 238 204 204 269 273 198 202 244 250 145 145 093 095 200 212 124 124 283 286
CT.0YK3 2 140 150 193 195 108 108 137 141 228 228 114 114 171 171 103 103 151 165 112 112 160 172 139 143 096 106 115 119 122 126 102 102 131 131 142 146 158 160 229 235 092 100 148 148 208 208 284 288 236 238 202 202 269 273 202 208 236 248 149 151 089 091 200 200 114 114 276 276
CT.0YCL 2 150 150 195 205 102 108 133 137 212 228 114 114 165 165 095 107 181 181 112 112 160 166 143 147 096 098 115 123 114 126 102 102 129 134 146 146 156 166 233 233 096 096 130 136 212 212 290 296 232 238 202 212 269 269 202 204 246 248 145 149 093 093 200 200 120 122 281 302
CT.0YFE 2 140 144 193 195 108 108 127 133 232 236 114 114 169 171 103 109 185 185 110 112 160 172 139 139 094 096 115 175 110 134 098 106 121 129 148 148 158 158 235 235 088 098 134 148 208 212 288 292 238 240 202 212 269 271 198 208 236 236 145 151 087 093 208 208 114 116 282 290
CT.0YHH 2 140 150 193 193 112 112 137 143 228 228 112 112 163 163 095 095 164 164 112 112 160 166 139 145 106 106 187 187 126 126 102 102 123 125 148 148 160 162 227 229 098 098 130 130 214 214 292 292 232 236 202 202 271 271 198 208 240 240 151 151 089 089 200 200 120 120 290 290
CT.0YF8 2 140 144 195 195 108 110 127 133 224 236 114 124 171 171 103 109 157 185 110 112 148 160 139 141 094 096 111 115 130 130 102 102 121 121 148 148 158 158 235 235 096 098 136 146 208 212 292 292 238 240 212 212 269 271 198 208 236 236 145 151 093 093 200 208 116 116 282 290
CT.0YF1 2 140 150 195 195 108 108 135 137 232 232 114 114 165 171 097 097 173 177 112 112 160 166 141 141 096 110 123 123 122 126 106 106 123 129 146 146 160 164 223 235 096 100 150 150 212 216 286 292 236 238 204 206 273 273 204 206 240 240 143 149 087 091 210 214 116 124 286 286
CT.0YE2 2 152 152 195 195 108 110 133 135 228 236 110 112 165 171 099 111 165 177 112 112 166 172 145 145 098 106 111 115 118 122 102 102 123 127 146 146 160 166 227 227 092 092 140 146 206 212 286 290 238 238 202 202 273 273 204 204 242 250 149 149 085 085 200 208 118 122 272 302
CT.0YHP 2 140 150 205 205 104 108 139 141 224 228 110 116 171 171 101 109 168 169 112 112 160 166 143 145 096 096 115 119 126 130 102 106 123 125 142 148 160 164 227 231 092 096 136 146 208 212 284 288 236 236 206 206 269 269 202 206 240 242 147 149 089 093 208 210 122 122 276 294
CT.0YEA 2 144 150 195 205 110 110 127 133 228 236 114 114 165 165 097 097 169 181 110 112 148 160 139 143 096 096 107 111 130 134 098 106 121 138 146 146 158 158 235 241 090 098 132 136 208 212 280 292 238 238 204 212 271 271 206 206 236 240 145 145 087 089 208 216 114 124 282 290
CT.0YJC 2 140 150 195 195 106 108 131 137 228 232 114 114 161 169 091 107 177 177 114 114 160 166 139 143 096 106 111 119 122 134 102 102 129 131 140 150 160 166 233 235 092 100 152 152 208 220 290 292 230 232 204 206 269 269 198 206 244 252 143 149 085 089 208 214 120 122 283 294
CT.0YEJ 2 140 150 195 195 108 110 137 137 224 236 110 114 165 169 099 099 165 168 112 112 160 166 139 147 096 104 115 119 118 130 102 102 123 123 146 148 164 164 235 237 094 096 130 136 206 212 288 288 234 240 208 212 269 269 198 206 236 244 143 145 085 093 208 208 114 116 272 286
CT.0YKH 2 140 150 195 205 102 108 133 133 232 236 114 116 165 165 101 103 169 169 112 112 160 166 139 145 102 106 115 187 118 126 106 106 123 129 146 146 164 164 227 233 096 098 136 152 208 212 288 288 234 242 200 206 273 277 206 208 240 246 143 149 085 093 200 210 122 124 276 278
CT.0YF0 2 150 150 195 205 100 108 141 141 224 228 110 116 161 169 099 109 163 163 112 112 148 160 145 147 096 106 115 115 122 130 106 106 129 129 148 148 158 158 227 237 092 092 130 146 216 216 286 288 228 228 202 206 269 269 200 200 242 244 147 149 085 093 200 214 114 118 291 291
AH.02UT 2 150 150 195 195 106 108 141 143 228 228 114 114 161 169 099 107 185 188 110 112 160 166 139 147 096 098 115 119 122 126 102 102 132 132 146 150 162 162 233 233 098 098 130 140 212 212 286 286 234 238 206 206 269 279 198 198 236 240 149 149 089 091 214 214 118 118 282 290
AH.02X0 2 140 150 195 205 108 110 139 141 228 236 110 114 165 165 099 107 163 181 112 112 160 190 145 145 096 102 115 119 118 134 102 106 132 132 146 146 158 166 227 237 092 098 136 146 208 208 290 290 238 238 202 204 269 275 198 198 236 252 143 143 085 093 208 208 118 122 282 287
779 2 140 150 195 195 106 108 127 139 212 228 110 114 171 171 103 105 156 164 112 112 160 166 139 143 096 096 115 119 126 134 102 106 123 123 142 148 158 166 227 235 092 092 132 134 206 212 288 288 228 236 204 206 269 271 206 208 244 246 149 149 087 089 200 200 120 120 298 298
542 2 140 150 195 195 108 108 133 141 236 236 110 114 165 165 103 107 161 169 112 114 166 172 143 145 106 106 115 115 118 130 102 106 132 132 146 146 156 160 235 235 092 092 146 148 212 214 288 288 234 238 202 202 269 269 198 202 236 248 143 149 085 093 200 210 114 116 283 285
F1H1 3 144 154 195 205 100 108 133 141 224 228 114 116 169 171 091 097 169 171 110 112 166 172 143 145 094 106 119 175 118 130 098 106 123 131 148 150 160 164 235 237 092 092 146 146 198 204 288 290 232 238 200 202 273 281 200 206 246 248 143 149 089 093 200 214 122 124 282 290
F1H2 3 140 144 195 195 100 102 137 141 216 228 110 114 169 171 103 105 175 181 110 112 142 148 143 143 106 110 115 151 110 118 102 106 129 132 148 150 160 164 235 237 096 098 144 146 204 206 288 290 232 238 202 212 267 271 198 206 236 246 143 145 089 091 210 214 122 128 281 285
F1H3 3 140 144 195 205 104 110 127 133 220 232 110 114 165 165 101 103 171 181 110 116 160 172 143 151 104 106 111 119 126 130 102 106 129 132 146 149 158 160 227 237 096 098 146 148 212 214 286 288 234 238 196 206 273 273 198 206 242 252 139 143 089 089 208 218 114 118 276 294
F1H4 3 140 142 195 197 108 108 131 143 232 236 114 124 165 171 097 105 161 169 112 112 166 172 143 145 094 094 119 147 118 122 102 102 132 134 146 150 156 164 227 235 098 098 132 152 212 214 280 284 228 234 202 206 269 271 202 206 236 238 147 151 091 095 214 214 114 128 282 282
F1H5 3 144 144 195 197 108 110 137 139 228 228 114 114 165 165 105 105 164 183 110 112 160 178 143 143 098 106 111 175 126 126 102 102 121 130 146 150 160 166 227 239 096 096 146 146 212 214 280 288 232 238 196 212 269 273 200 202 236 238 145 149 087 089 208 208 114 118 282 298
F1H6 3 144 152 195 205 100 108 131 137 228 232 116 116 165 165 105 105 164 173 112 116 166 166 145 145 096 096 111 115 126 130 102 102 129 132 142 150 158 164 227 235 092 098 132 132 198 212 280 284 230 234 196 212 273 281 200 202 236 243 139 149 087 091 208 214 114 128 282 290
F1H7 3 140 142 193 195 094 108 131 137 220 224 112 124 165 165 097 101 169 181 110 112 166 172 139 145 096 104 111 151 130 134 102 106 123 127 142 149 158 164 227 235 092 098 134 146 204 212 280 292 234 236 200 202 273 275 198 200 236 242 145 149 085 091 208 208 118 124 282 282
F1H8 3 150 162 195 205 104 110 131 133 216 224 110 114 165 165 101 103 163 168 110 112 166 166 145 145 104 106 115 123 118 134 102 102 123 129 144 146 160 166 227 235 096 098 132 146 198 208 284 288 230 232 202 206 269 273 198 198 236 248 145 145 087 091 200 214 126 134 283 290
F1H9 3 140 164 195 195 102 108 131 133 228 232 114 114 165 171 105 107 161 169 112 112 154 160 131 141 094 096 119 151 134 134 102 102 123 132 144 146 162 164 227 237 096 098 132 152 204 208 286 288 232 236 202 212 271 277 202 206 240 248 143 145 087 089 200 210 116 124 272 285
F1H10 3 144 152 195 209 100 110 131 131 224 232 110 110 165 171 097 101 157 163 110 112 142 160 143 147 096 106 147 187 122 130 102 102 121 132 146 148 158 164 235 237 096 098 138 138 208 214 280 290 228 236 202 202 271 273 198 198 236 246 145 149 089 089 208 214 114 128 282 290
F1H11 3 140 144 195 197 108 108 137 137 228 236 112 114 165 165 105 107 161 183 112 112 148 178 139 147 096 104 115 175 122 130 102 102 123 129 144 146 158 164 237 241 092 096 136 146 212 214 280 290 232 240 200 202 269 281 198 206 236 242 147 151 085 093 208 214 128 128 276 283
F1H12 3 140 164 195 195 094 100 133 139 220 224 112 114 163 171 091 103 161 165 110 112 166 178 141 145 100 106 111 151 118 126 102 110 123 132 146 150 158 164 233 241 094 096 134 146 204 212 288 290 234 236 202 206 267 269 200 206 236 248 145 151 089 089 208 218 118 128 285 286
F1H13 3 152 162 195 205 104 108 131 139 224 228 110 114 165 171 101 109 165 183 110 112 160 166 139 147 094 094 115 115 094 134 098 106 123 132 146 150 164 166 235 241 096 098 142 146 204 212 288 290 234 238 202 206 269 271 198 202 231 236 145 145 087 089 200 214 118 128 282 282
F1H14 3 140 144 195 205 102 108 135 137 228 228 110 114 165 171 097 105 161 163 110 112 160 172 143 145 096 104 119 175 134 134 098 102 129 134 144 150 154 166 235 237 092 096 132 152 204 208 288 290 230 238 202 206 269 271 198 200 238 240 147 149 087 089 210 212 116 128 281 282
F1H15 3 144 150 195 197 094 108 127 133 216 232 110 114 169 171 097 105 161 181 110 112 154 160 145 145 094 106 111 151 134 138 098 102 129 132 146 146 164 164 235 237 098 098 132 140 206 214 280 288 232 238 202 202 269 281 198 206 236 246 139 143 087 091 208 214 122 122 282 285
F1H16 3 140 144 195 205 094 108 127 133 216 232 110 114 165 169 099 103 163 164 110 112 166 172 139 143 094 096 119 175 126 130 102 106 123 131 148 150 158 162 227 233 096 096 132 136 204 210 280 286 236 236 202 202 273 281 198 202 236 248 145 149 089 091 208 212 114 128 282 286
F1H17 3 144 150 195 195 100 110 133 147 224 228 110 124 165 169 103 105 165 165 112 116 160 166 141 147 096 100 111 111 118 130 102 106 123 123 144 146 154 164 233 235 096 096 134 146 198 212 286 288 230 236 202 202 269 279 198 198 244 248 143 145 085 089 208 214 124 128 282 290
F1H18 3 154 164 195 197 102 108 137 139 232 236 110 116 169 171 101 103 176 179 112 112 160 178 139 147 104 106 115 175 118 126 102 106 129 132 146 150 154 164 239 241 098 098 134 136 212 216 280 288 234 238 196 204 267 269 198 202 244 248 147 149 087 089 200 212 114 118 272 282
F1H19 3 150 152 195 195 100 108 127 139 220 228 112 114 165 165 099 101 163 169 112 114 172 172 131 145 096 104 111 115 118 134 102 102 129 132 142 149 158 164 227 237 096 098 134 140 208 214 280 288 236 238 202 208 269 281 198 198 236 250 145 147 089 089 214 216 122 128 282 298
F1H20 3 142 150 195 205 102 108 137 137 228 232 114 124 171 171 081 107 171 179 112 116 160 172 139 139 096 102 119 151 134 134 102 106 131 132 144 146 156 162 233 233 096 096 130 146 206 216 280 292 234 234 202 206 269 271 200 202 236 236 143 149 087 089 214 214 122 122 272 282
F1H21 3 140 144 205 205 104 104 133 133 228 232 110 112 165 171 081 103 163 169 110 114 160 166 145 145 094 106 115 123 118 126 102 102 130 132 146 146 164 166 227 237 096 098 132 132 200 208 280 288 232 238 202 212 269 279 202 202 244 248 145 149 087 089 200 208 116 128 272 282
F1H22 3 140 144 195 197 108 108 135 143 216 228 114 116 163 171 103 105 169 175 110 112 148 178 143 145 098 104 115 115 130 134 102 106 123 133 144 146 156 164 241 241 098 098 132 136 198 204 280 288 236 236 200 202 271 273 198 198 236 248 143 145 085 089 208 208 128 134 282 282
F1H23 3 150 162 197 205 100 108 139 141 228 236 116 124 165 169 103 105 161 169 110 112 160 172 139 145 094 096 115 115 126 134 106 110 129 132 144 150 158 164 227 237 096 098 146 148 198 212 280 292 234 236 202 202 267 269 208 208 236 243 143 149 091 093 208 208 114 128 287 287
F1H24 3 140 144 195 195 104 108 133 135 224 228 114 116 169 171 103 105 163 185 112 112 166 172 143 147 096 104 115 151 118 126 102 106 123 132 149 150 164 164 223 237 092 096 130 134 204 212 284 286 230 238 202 208 269 273 198 198 236 248 143 149 089 091 210 214 122 134 282 290
F1H25 3 140 144 195 197 102 108 133 137 228 228 116 124 165 171 101 103 156 169 112 114 148 166 141 143 096 098 123 151 110 126 102 106 129 132 144 146 156 164 227 237 092 096 138 144 204 208 280 288 234 236 196 206 269 271 202 202 242 248 139 143 085 089 208 214 118 118 282 283
F1H26 3 150 164 195 195 100 110 127 139 216 228 110 124 167 171 103 105 171 181 110 112 160 172 131 147 106 110 119 171 126 134 102 106 132 138 146 148 158 164 235 237 096 098 130 146 208 214 284 292 230 240 196 204 267 269 200 208 238 248 143 149 089 093 208 212 118 122 276 281
F1H27 3 150 162 195 197 094 108 133 137 228 236 114 124 171 171 103 103 161 169 110 112 142 160 139 143 094 096 111 115 110 122 102 102 129 132 144 148 164 164 227 233 096 098 132 152 204 208 280 288 232 238 202 212 273 273 202 204 236 238 143 149 091 093 200 214 114 128 272 281
F1H28 3 144 152 195 195 094 102 133 141 232 232 112 114 165 169 101 103 165 167 110 110 142 160 139 143 094 096 111 175 118 126 102 106 132 132 142 146 158 164 227 235 096 098 124 144 198 212 280 288 232 242 190 206 267 273 198 206 243 252 143 149 085 089 208 214 118 128 282 294
F1H29 3 150 162 205 205 100 108 137 139 216 228 110 112 165 171 095 105 169 185 112 116 148 166 131 139 096 104 111 151 118 130 102 106 123 129 148 148 158 168 233 237 092 096 132 136 212 216 280 288 234 242 196 202 267 271 198 200 242 244 143 145 089 093 208 214 124 128 286 288
F1H30 3 142 144 193 195 104 110 133 139 228 232 114 116 165 165 097 101 163 181 110 112 142 160 145 147 096 100 115 187 118 126 102 102 131 132 150 150 162 162 227 237 094 096 134 148 212 214 284 292 236 238 202 204 267 271 198 198 244 252 145 149 089 093 200 208 120 124 290 294
F1H31 3 140 144 195 205 100 108 139 143 224 232 110 114 161 165 101 113 168 179 110 112 142 160 143 145 094 096 123 175 118 134 102 106 129 132 144 148 156 164 235 241 092 098 132 146 198 204 284 286 236 236 196 206 267 273 198 202 240 242 149 149 091 093 208 208 126 128 281 294
F1H32 3 144 152 195 205 108 108 133 139 232 232 114 114 165 171 103 105 161 171 112 112 154 160 139 145 094 096 111 115 126 130 102 102 127 132 144 148 164 166 227 237 098 098 146 146 204 208 280 292 230 238 196 200 267 279 208 208 236 244 145 151 085 089 200 214 118 128 282 284
F1H33 3 144 164 195 195 102 104 135 137 224 232 110 114 165 171 101 107 169 185 112 112 154 160 143 151 094 096 111 151 110 118 098 102 123 132 146 146 156 158 235 237 096 096 124 130 204 214 284 288 230 234 202 204 271 279 198 202 238 244 143 149 085 089 208 208 122 122 276 282
F1H34 3 142 144 193 195 100 108 137 137 216 224 114 124 165 171 081 099 163 164 112 116 166 172 139 145 096 104 115 115 118 134 098 102 123 123 146 148 158 162 229 237 092 094 130 132 212 214 286 288 230 236 190 204 271 281 198 206 236 240 143 149 087 089 208 218 124 128 282 283
F1H35 3 144 152 195 205 110 110 137 139 228 228 110 114 165 171 081 105 165 167 112 114 160 172 143 145 094 096 115 119 126 134 098 102 132 133 144 146 158 160 235 237 092 092 132 134 198 208 280 294 234 240 202 212 273 277 198 200 238 246 145 151 085 093 208 212 122 124 272 287
F1H36 3 144 150 205 205 102 108 133 143 228 228 114 114 161 171 099 101 157 161 110 112 142 166 141 143 096 096 115 115 126 130 102 102 121 132 148 150 156 158 229 237 092 092 132 142 198 208 280 286 232 236 202 204 267 269 198 200 238 244 145 149 087 089 200 208 128 128 272 287
F1H37 3 140 142 195 205 094 108 133 141 228 236 114 124 163 165 101 109 164 179 110 112 160 172 139 143 096 096 111 115 094 126 102 106 131 132 146 146 156 160 235 239 088 092 138 146 198 208 288 298 232 242 190 202 269 281 200 202 240 248 145 147 087 089 208 208 118 128 282 283
F1H38 3 144 150 195 197 094 112 131 133 228 232 110 110 165 171 091 109 169 179 112 112 142 148 139 147 096 104 111 119 118 122 098 102 121 134 146 146 158 164 233 237 096 098 132 136 204 212 284 288 232 232 202 202 271 277 198 202 231 248 143 151 087 091 208 214 122 126 282 282
F1H39 3 140 144 195 195 104 108 131 143 228 236 110 114 165 165 095 105 161 169 110 112 160 166 139 145 096 104 115 123 118 130 102 106 129 132 146 150 156 158 235 239 092 098 132 134 212 214 288 290 230 238 202 206 269 277 198 202 236 246 143 143 085 091 200 212 122 128 282 294
F1H40 3 140 164 197 205 100 110 133 137 228 232 114 114 169 171 097 105 179 183 110 112 160 172 143 147 096 104 115 119 110 126 102 102 123 123 148 150 158 164 235 237 092 098 130 146 198 212 286 290 236 238 202 204 271 275 198 202 240 242 149 149 087 089 202 214 116 124 272 282
F1H41 3 140 144 197 205 102 112 127 137 228 232 114 124 165 171 103 105 171 185 112 112 160 166 143 145 094 094 115 151 126 130 098 106 121 132 146 150 156 158 229 237 096 098 132 148 212 214 288 294 234 238 202 206 269 273 204 208 236 250 145 149 089 093 208 208 124 124 282 282
F1H42 3 144 150 195 205 100 108 133 137 212 220 110 114 165 165 097 101 163 177 110 114 160 172 139 141 096 110 119 151 126 130 102 102 129 132 144 146 158 166 237 237 096 098 130 132 208 214 284 288 234 236 200 208 271 271 198 198 231 248 149 149 089 089 210 214 114 118 276 282
F1H43 3 144 150 195 205 100 108 133 139 228 236 114 124 165 171 097 101 159 171 110 112 142 160 143 145 098 106 111 115 122 134 098 106 129 134 146 150 158 164 223 235 092 098 134 136 198 198 284 288 232 238 196 202 267 269 198 202 240 243 139 149 085 085 212 212 116 128 281 282
F1H44 3 140 144 197 205 104 108 135 137 232 232 114 124 161 171 099 105 161 176 110 112 166 178 139 143 096 104 115 147 118 126 106 106 132 132 144 146 160 164 235 237 092 096 146 148 208 214 280 288 230 230 202 206 269 273 208 208 238 252 147 149 089 089 208 214 124 128 282 285
F1H45 3 144 154 195 197 094 110 133 137 216 232 110 124 169 171 105 107 181 183 110 112 160 172 139 141 096 110 111 151 118 130 102 106 132 133 148 150 158 164 237 237 096 098 124 130 204 208 284 288 230 232 202 206 271 277 196 200 236 236 145 149 087 089 208 208 118 122 282 283
F1H46 3 140 142 195 205 108 108 131 141 216 224 110 114 161 171 103 105 171 173 114 116 154 160 139 139 098 100 111 115 118 126 098 098 123 132 148 150 156 158 229 237 092 098 130 134 208 214 286 288 232 234 202 204 271 271 198 206 236 266 145 151 085 087 214 214 114 128 276 281
F1H47 3 140 144 195 205 102 108 131 135 228 228 110 114 167 167 105 109 175 188 110 112 142 160 147 147 098 106 115 151 118 130 102 110 129 132 146 150 154 160 235 241 096 100 148 152 198 212 280 288 236 238 202 202 271 271 198 204 240 244 145 149 089 091 200 208 120 122 282 287
F1H48 3 144 150 195 205 094 108 135 141 228 236 110 114 165 171 101 103 167 181 112 112 160 178 139 141 096 110 115 119 126 134 102 106 123 132 144 146 164 164 227 237 096 098 134 152 212 216 280 286 234 236 202 212 273 273 198 206 244 246 145 151 091 091 200 214 118 128 276 282
F1H49 3 140 164 195 195 102 108 127 139 228 228 110 116 165 171 081 103 171 181 110 112 160 166 131 139 100 106 175 187 110 134 106 106 131 132 146 150 164 164 227 237 094 096 130 132 212 214 280 288 234 238 200 202 269 271 198 206 236 238 145 151 089 093 208 214 114 118 281 282
F1H50 3 144 154 195 195 094 108 137 137 232 236 110 114 165 171 097 105 171 188 110 110 160 172 139 141 094 104 111 175 122 130 098 098 132 132 146 149 158 164 227 237 096 098 124 150 208 216 280 288 230 234 202 206 271 273 200 204 238 238 143 151 087 089 214 214 116 118 282 282
F2H1 4 140 150 195 205 094 108 133 139 216 232 114 124 165 171 105 107 165 179 110 110 160 166 139 147 104 106 115 151 110 118 102 102 121 132 148 150 164 164 233 237 092 098 130 132 198 206 290 292 238 238 200 206 267 271 200 206 231 246 143 145 089 089 214 218 120 128 276 287
F2H2 4 140 162 195 195 108 108 127 137 216 232 110 114 165 165 105 105 165 169 112 112 172 178 145 147 096 096 111 115 122 126 102 106 121 123 144 148 158 162 227 235 094 098 136 140 212 212 280 288 232 240 202 204 269 277 196 198 231 236 145 151 085 089 200 212 118 128 282 282
F2H3 4 144 150 195 195 094 100 131 137 232 232 114 114 165 171 097 105 161 171 110 112 148 166 139 143 094 104 111 115 118 130 102 102 129 132 146 146 158 164 235 237 094 096 134 142 198 204 288 290 230 234 202 202 271 273 198 202 236 238 145 149 085 087 202 212 118 118 282 287
F2H4 4 144 164 195 197 102 102 127 133 216 224 112 124 169 171 101 103 179 188 112 116 166 178 143 151 094 106 115 187 130 130 102 102 129 129 144 150 158 164 227 237 096 098 146 152 204 208 284 284 232 234 202 206 273 281 198 200 242 244 145 151 087 089 208 218 118 118 282 286
F2H5 4 140 150 195 195 108 110 139 139 224 232 110 114 171 171 103 105 168 177 110 110 142 172 143 145 096 098 115 151 130 134 102 106 131 132 144 148 160 166 227 237 094 096 146 148 212 212 280 286 236 238 200 202 271 277 198 198 236 236 143 145 087 089 210 214 128 128 282 282
F2H6 4 144 150 195 205 104 108 131 131 228 228 110 110 165 171 103 105 165 176 112 112 148 160 143 145 100 106 111 175 130 134 106 106 132 132 144 144 164 164 227 235 092 098 130 132 204 212 290 294 230 234 204 204 269 271 202 206 236 246 143 149 089 089 210 218 124 128 282 282
F2H7 4 140 150 195 197 108 110 131 137 224 228 114 116 165 169 097 103 161 185 112 112 160 166 139 147 096 104 151 171 118 134 106 106 132 132 144 148 156 158 227 235 098 098 132 148 206 208 288 290 236 238 204 206 273 281 198 198 238 248 139 139 085 087 212 214 118 128 287 287
F2H8 4 140 150 193 195 104 108 123 137 216 236 110 114 165 165 097 107 167 176 112 112 166 166 141 143 094 094 119 187 094 126 102 102 123 129 146 150 160 162 239 241 092 098 130 136 204 212 280 288 234 234 196 202 269 281 198 198 246 248 143 151 087 091 200 210 118 124 283 290
F2H9 4 144 150 193 195 108 108 137 141 228 232 110 114 165 171 105 107 163 173 110 112 154 160 141 143 094 106 111 115 118 122 102 102 121 129 146 146 156 164 227 235 088 096 124 130 204 216 280 292 236 242 206 212 271 271 198 202 236 240 149 151 089 091 214 214 120 124 282 290
F2H10 4 144 144 195 195 100 104 133 137 228 236 112 116 169 171 101 101 165 183 110 112 154 160 141 147 094 094 111 175 122 134 102 102 132 132 146 149 160 164 233 241 096 098 132 142 204 216 288 288 234 238 202 202 273 273 198 202 240 244 145 149 085 089 208 208 118 128 282 290
F2H11 4 144 150 195 195 102 108 131 137 228 232 110 114 169 171 099 103 169 181 110 110 148 172 143 147 096 096 147 175 110 130 102 106 123 129 148 150 158 158 223 237 096 096 130 146 198 216 280 286 234 238 200 202 269 281 198 198 240 242 139 151 089 089 208 208 114 128 282 290
F2H12 4 162 164 195 205 108 108 139 143 232 232 114 114 165 169 101 105 179 181 110 112 142 160 139 139 096 098 111 151 134 134 098 102 121 121 146 148 158 164 223 227 092 098 146 146 204 212 280 288 230 236 206 212 273 275 198 200 236 250 145 149 085 087 208 216 118 128 281 282
F2H13 4 154 164 195 195 108 110 137 143 228 232 110 114 165 169 101 109 163 171 110 110 160 172 131 141 096 102 111 147 094 122 102 102 121 132 144 146 158 158 227 237 092 094 146 146 208 210 280 286 232 234 200 202 269 273 198 200 236 240 139 145 087 089 200 216 114 116 281 282
F2H14 4 140 152 195 205 094 102 135 139 228 236 114 124 165 169 097 101 169 169 112 116 160 166 141 145 104 104 119 187 118 134 098 102 121 132 146 148 162 164 237 237 092 098 132 146 200 212 286 288 234 238 200 202 269 275 202 206 231 243 143 147 089 089 200 214 118 124 282 282
F2H15 4 144 150 195 195 100 110 133 133 216 228 114 124 169 171 091 101 168 179 110 112 166 172 139 139 106 110 111 115 110 126 102 102 121 132 142 149 162 162 235 237 096 096 130 146 204 208 280 284 238 238 202 204 269 273 206 208 231 236 145 147 087 089 208 210 114 124 276 282
F2H16 4 144 162 205 205 104 106 137 139 224 232 110 114 165 165 105 113 171 181 110 116 160 166 139 145 096 106 111 115 118 134 098 102 132 132 144 149 158 164 233 241 092 096 130 148 198 212 280 280 230 242 196 202 267 271 198 202 236 242 143 143 087 091 202 208 114 122 282 285
F2H17 4 140 154 197 205 100 108 141 143 228 228 110 110 165 165 103 107 175 179 110 112 166 178 131 145 096 104 111 115 118 126 102 106 129 132 146 148 158 158 233 241 096 096 130 146 208 214 280 284 230 240 202 204 269 269 200 202 236 248 149 149 089 091 208 214 122 124 283 298
F2H18 4 144 150 195 205 108 110 137 139 228 236 112 116 165 171 107 109 164 179 112 112 148 172 145 151 094 096 111 123 118 118 102 106 132 132 146 149 164 164 227 235 092 096 136 138 204 204 280 292 232 236 200 212 269 273 200 204 236 243 139 149 085 089 208 214 124 124 286 294
F2H19 4 140 150 195 197 104 108 127 139 216 228 112 114 165 171 081 101 163 163 110 110 166 172 141 143 098 104 111 111 118 126 098 102 123 129 144 144 160 160 237 237 096 098 132 134 198 208 286 288 230 232 196 202 269 271 202 202 246 248 145 145 089 089 200 208 122 122 276 282
F2H20 4 144 150 205 205 094 108 137 139 228 236 116 124 169 171 097 103 165 169 110 112 166 172 143 145 094 106 115 119 118 122 102 106 129 129 148 148 156 164 235 235 096 098 134 146 204 214 284 284 230 238 202 202 269 275 198 200 240 248 149 151 089 093 214 216 116 128 276 282
F2H21 4 144 154 195 195 108 108 133 137 228 232 114 124 169 171 101 101 163 169 112 112 160 166 141 145 094 096 115 119 118 130 102 102 123 132 144 144 164 164 223 227 092 096 134 142 212 212 284 286 232 238 200 206 269 281 200 202 243 246 143 145 089 093 212 214 118 122 282 289
F2H22 4 144 144 195 195 108 108 137 141 216 236 110 114 171 171 101 109 171 179 110 110 166 172 131 141 094 096 111 151 126 134 098 102 131 131 146 150 154 158 233 239 096 098 132 146 198 214 286 288 230 236 196 206 271 279 198 198 242 248 139 149 089 093 210 214 118 128 283 286
F2H23 4 140 154 195 195 108 108 137 137 224 228 114 114 169 169 101 107 179 183 110 110 142 172 139 145 094 098 111 147 118 130 102 102 129 132 144 146 156 164 233 235 092 096 146 146 204 216 288 288 236 238 200 206 277 279 202 204 240 240 145 149 085 091 200 214 116 122 272 283
F2H24 4 140 152 195 195 108 110 137 141 228 228 110 114 165 171 103 105 157 173 112 112 166 166 145 147 096 096 115 147 122 126 102 102 132 133 148 150 160 162 235 235 092 096 134 148 204 204 288 288 234 238 202 204 277 281 200 202 236 246 149 151 087 089 208 218 122 128 282 294
F2H25 4 140 144 195 205 102 108 127 143 232 232 124 124 165 171 105 105 163 163 110 114 142 172 147 151 094 104 119 151 126 126 102 106 121 121 146 149 158 160 227 237 092 092 146 146 204 208 284 288 232 232 196 200 269 273 198 200 238 248 145 151 089 089 208 208 116 122 281 282
F2H26 4 144 162 193 195 108 108 137 139 224 236 110 114 165 171 101 101 163 185 112 112 160 166 139 145 096 108 119 123 130 134 102 106 129 138 146 150 164 164 233 237 098 098 130 142 214 214 286 288 232 238 202 204 267 273 200 202 238 246 145 145 089 089 214 214 128 134 287 294
F2H27 4 144 164 195 195 108 108 127 131 228 232 114 114 165 171 101 107 163 179 110 110 160 160 139 143 096 096 115 115 126 130 102 106 132 132 144 150 162 164 237 239 092 096 138 144 200 214 280 292 230 236 196 200 269 277 202 206 244 248 145 151 085 089 200 208 124 124 282 282
F2H28 4 144 154 195 205 102 108 131 133 228 228 110 124 165 171 081 101 169 179 110 112 160 160 141 145 096 104 111 175 130 130 098 102 131 132 148 150 160 164 227 241 096 096 132 134 204 208 288 290 232 240 196 202 273 273 198 200 231 236 139 143 087 089 200 208 118 128 272 282
F2H29 4 144 150 195 197 094 108 131 137 216 228 110 110 165 165 091 109 171 179 110 112 160 160 131 143 096 106 111 151 134 134 098 102 129 132 144 146 156 164 227 237 098 098 144 148 204 214 288 290 230 236 202 208 271 273 198 206 242 244 145 149 085 087 208 214 122 128 272 276
F2H30 4 140 144 195 205 108 110 133 135 228 236 110 124 169 171 103 109 169 169 110 112 160 166 131 151 094 098 111 115 110 134 102 106 130 132 146 148 160 164 235 239 092 096 130 146 212 214 288 292 230 238 204 212 269 271 198 208 244 248 143 149 089 093 208 214 124 128 282 298
F2H31 4 144 164 197 197 100 102 137 137 232 236 112 114 165 171 101 105 167 175 110 112 160 166 143 145 096 104 111 115 130 134 106 106 129 131 144 150 162 164 235 235 092 098 132 132 212 212 288 290 232 234 196 202 267 269 202 208 238 266 143 151 089 091 208 212 116 118 285 294
F2H32 4 150 164 193 195 108 108 137 141 224 224 114 114 165 171 103 105 163 171 112 116 154 172 145 145 106 106 119 151 118 134 102 106 131 132 142 150 162 164 227 237 096 098 132 148 204 214 288 290 232 232 202 204 269 273 198 200 236 240 143 149 085 087 208 214 124 128 276 287
F2H33 4 144 144 193 195 102 108 123 131 216 228 114 116 167 171 101 103 176 183 112 112 172 172 143 147 096 106 111 151 130 130 102 106 132 132 148 148 160 164 223 237 092 096 130 132 198 212 286 288 230 238 202 202 267 269 198 198 236 236 145 149 089 089 208 210 118 118 282 290
F2H34 4 142 150 195 195 104 108 133 133 228 232 110 114 169 169 105 107 161 181 112 112 160 166 139 151 104 106 115 151 118 130 102 102 121 129 146 148 156 164 227 237 096 098 130 148 198 214 284 284 230 234 202 206 269 273 202 204 236 244 145 151 087 089 208 214 114 122 282 287
F2H35 4 152 162 195 195 094 106 131 133 228 232 112 114 167 167 103 103 163 175 112 112 142 160 131 141 096 106 115 151 118 122 098 102 123 132 144 150 158 162 235 235 096 098 146 148 214 214 284 284 230 234 202 204 267 271 198 198 236 244 143 151 087 089 210 214 114 122 272 286
F2H36 4 142 162 197 205 108 110 133 137 236 236 110 112 165 165 097 101 169 181 112 112 160 166 131 147 094 104 111 119 118 126 102 102 129 131 148 150 158 164 237 237 094 098 132 142 210 212 286 294 234 238 202 204 269 269 198 198 238 244 143 149 085 087 208 214 114 120 276 282
F2H37 4 140 144 195 205 100 108 127 137 228 232 110 114 169 171 105 105 167 167 110 110 166 166 141 145 104 108 111 115 118 134 106 106 129 132 144 146 158 158 227 235 096 096 132 144 208 212 290 294 234 238 202 204 275 277 198 198 244 252 145 145 091 093 208 214 128 128 272 294
F2H38 4 150 162 195 195 104 108 133 139 228 228 114 114 165 171 101 103 171 173 110 114 160 172 139 147 094 098 111 151 126 134 098 102 129 133 146 150 158 164 235 235 096 098 124 132 198 214 280 288 230 236 202 212 271 273 198 206 248 266 149 149 087 091 202 212 124 124 282 294
F2H39 4 140 150 195 195 104 108 127 139 216 216 114 114 169 171 103 107 167 181 110 112 172 172 143 147 094 096 119 175 110 130 102 106 121 132 146 150 154 158 235 237 096 096 124 130 208 208 288 288 234 236 202 208 271 281 198 200 242 244 147 149 089 093 202 212 118 126 272 272
F2H40 4 140 142 195 197 108 108 137 139 232 236 114 124 165 165 103 105 157 183 110 112 160 172 143 147 096 104 115 187 118 122 102 102 129 132 144 150 156 164 227 227 092 098 132 134 204 204 280 284 230 238 202 202 271 273 198 202 236 250 143 145 087 089 214 214 114 122 272 276
F2H41 4 144 144 195 195 108 112 137 139 228 228 112 114 163 165 105 105 181 188 112 112 172 172 141 143 096 106 111 123 118 134 102 102 129 129 146 150 158 164 227 229 096 098 130 130 200 208 286 290 232 234 200 202 281 281 198 202 236 248 145 145 089 093 208 208 116 118 276 287
F2H42 4 140 164 195 195 094 110 133 137 224 232 114 116 165 165 101 105 157 185 112 112 172 172 143 147 096 096 111 111 130 130 102 106 129 132 146 150 154 164 233 237 096 098 130 152 204 208 286 290 232 238 202 204 269 281 198 206 236 244 145 149 085 093 208 210 114 122 283 289
F2H43 4 144 144 197 205 094 094 127 139 228 228 114 114 165 169 105 105 169 171 112 112 154 160 143 145 096 106 111 115 122 130 102 106 123 131 148 150 156 160 237 237 092 096 146 148 212 212 288 288 238 240 202 204 269 275 198 202 236 244 143 151 087 091 214 214 124 124 276 282
F2H44 4 140 144 195 205 094 110 135 141 216 232 110 114 165 171 081 101 156 171 112 112 160 160 141 143 106 106 111 115 126 126 102 102 121 132 146 150 158 158 227 237 092 092 124 148 204 206 280 280 234 238 202 204 269 271 198 202 244 248 145 149 085 089 200 208 118 124 282 294
F2H45 4 142 144 195 205 100 108 131 141 220 228 110 114 165 165 101 103 169 188 110 112 160 172 143 147 098 104 115 175 118 134 098 098 123 131 144 148 160 164 239 241 092 098 124 134 204 208 288 288 238 240 202 204 271 271 200 204 242 248 145 149 085 089 208 214 124 128 281 290
F2H46 4 142 164 195 195 100 104 137 143 220 228 114 124 165 169 101 103 156 176 110 110 166 172 131 143 096 096 115 151 126 130 102 102 123 132 150 150 158 164 235 237 092 098 132 152 198 216 284 292 236 236 196 200 269 271 198 198 231 244 145 149 089 091 208 210 114 128 282 283
F2H47 4 142 150 195 205 094 100 133 137 232 236 114 114 165 165 081 107 181 185 110 110 148 166 139 151 096 098 115 119 118 130 102 102 129 132 146 148 162 166 235 237 092 094 132 140 208 214 280 288 236 236 196 196 271 277 198 202 238 248 145 147 087 089 208 210 114 118 282 287
F2H48 4 140 144 195 195 104 108 137 141 228 232 110 114 165 165 103 107 169 181 110 110 154 160 143 145 100 106 111 175 118 118 102 102 132 138 144 146 158 164 235 235 092 096 132 146 198 212 288 298 234 236 202 212 269 275 198 208 242 244 145 149 087 089 200 208 118 128 282 282
F2H49 4 144 144 205 205 104 108 127 137 228 236 110 116 165 171 103 109 165 169 110 112 142 160 141 147 094 106 111 119 126 130 102 106 121 129 146 150 156 164 237 237 092 098 148 148 214 214 284 294 234 236 204 208 271 271 198 202 238 246 143 145 091 093 214 214 116 124 285 289
F2H50 4 154 164 195 195 108 110 133 143 228 228 112 124 161 165 095 105 163 169 110 112 166 166 139 143 094 096 115 151 118 134 098 102 123 129 148 150 158 164 223 241 098 098 130 146 204 208 288 292 238 242 200 204 269 275 198 198 244 248 143 151 085 095 214 218 122 128 272 282
VolkBxH1 5 140 144 195 195 094 110 139 139 220 232 114 116 165 165 101 101 169 183 112 116 142 160 139 143 096 104 111 115 118 118 102 106 123 129 148 150 162 164 227 237 096 098 132 146 200 204 280 286 232 236 202 204 279 281 198 208 236 238 143 147 087 089 214 214 118 128 285 285
VolkBxH2 5 144 144 197 205 100 108 133 143 216 232 110 114 171 171 101 109 171 183 110 112 160 166 143 145 096 104 115 115 118 118 098 106 129 132 146 150 156 158 237 237 098 098 124 146 204 208 290 290 234 242 190 202 269 271 198 202 248 248 139 151 091 091 210 212 118 122 282 290
VolkBxH3 5 144 144 195 205 104 110 133 143 216 236 112 114 161 165 099 105 161 169 110 112 166 172 139 145 094 098 151 175 118 118 102 102 123 130 144 150 164 164 227 237 096 098 134 134 216 216 280 288 234 238 202 212 267 271 200 202 238 248 143 147 087 091 208 208 118 122 281 287
VolkBxH4 5 144 164 195 205 100 108 133 139 232 232 110 114 165 165 105 105 169 175 110 112 160 172 143 147 096 096 119 151 126 134 102 106 123 123 144 150 156 158 233 237 092 098 132 146 204 214 284 288 234 238 200 202 267 271 198 208 238 238 143 151 089 091 214 218 114 124 282 282
VolkBxH5 5 140 164 195 195 102 104 133 141 228 228 112 124 165 171 101 109 171 183 110 110 142 166 145 145 100 110 115 147 118 126 102 102 123 132 150 150 156 166 237 237 096 096 124 132 204 212 280 288 232 238 196 202 271 279 198 206 238 240 139 143 089 089 208 214 122 128 282 282
VolkBxH6 5 142 142 195 199 100 108 133 139 228 236 110 110 165 165 105 105 161 163 110 114 160 166 143 143 098 104 119 147 118 134 098 098 123 132 146 148 156 164 227 237 096 096 132 148 208 214 280 288 232 236 202 204 267 269 198 204 242 244 145 145 089 089 208 214 116 134 282 282
VolkBxH7 5 140 164 195 197 104 108 133 139 216 232 110 124 165 169 101 105 171 179 112 116 166 166 143 143 110 110 175 175 118 130 102 102 132 132 146 150 160 166 237 237 096 096 132 146 198 204 284 288 232 236 202 202 267 267 198 202 231 248 145 145 085 091 210 210 118 128 282 286
VolkBxH8 5 144 164 195 195 108 108 131 139 228 232 110 114 165 165 099 105 171 175 110 110 166 178 141 145 104 110 111 151 118 118 102 102 123 129 148 150 162 166 237 237 092 096 130 132 212 216 284 288 234 236 202 212 267 271 198 206 238 240 145 147 089 091 214 214 128 128 276 282
VolkBxH9 5 140 144 195 197 108 108 137 141 228 228 112 116 165 165 097 103 157 167 110 112 160 160 143 145 096 100 115 151 118 126 106 106 129 132 146 146 164 164 223 235 096 098 138 146 198 214 284 284 234 234 202 204 267 273 198 208 236 244 149 149 085 089 208 210 120 128 281 285
VolkBxH10 5 144 144 195 197 094 110 137 139 216 228 110 110 165 165 105 109 161 161 110 112 142 160 139 143 094 096 147 175 118 118 102 102 123 132 146 150 156 164 235 237 092 098 146 148 198 204 280 284 230 238 200 202 269 277 200 206 238 252 143 145 085 091 208 214 114 122 282 282
VolkBxH11 5 142 144 195 195 100 104 137 139 220 232 110 110 165 165 099 105 171 183 110 112 160 166 139 141 102 104 115 115 110 118 098 102 123 132 144 150 158 162 235 235 096 098 132 132 212 214 280 284 232 232 202 212 271 271 198 202 238 246 145 145 087 091 214 218 118 122 285 294
VolkBxH12 5 140 144 195 197 094 110 131 137 216 228 110 124 165 171 081 095 167 169 112 112 154 160 143 151 094 106 115 115 126 130 102 106 132 132 150 150 158 168 233 237 096 096 146 146 198 208 280 284 236 238 190 196 267 273 198 200 245 266 145 147 085 091 212 218 114 126 285 290
VolkBxH13 5 164 164 195 197 108 108 127 137 216 228 110 124 165 171 091 101 161 164 112 116 172 172 145 145 098 098 115 115 118 126 098 102 131 132 148 150 160 164 227 237 092 098 138 148 198 216 280 284 230 236 202 202 267 271 198 200 236 242 143 145 089 091 214 214 122 128 282 290
VolkBxH14 5 144 144 195 205 104 108 133 135 220 228 124 124 171 171 101 105 171 181 110 112 166 166 141 145 094 094 115 151 118 134 102 106 123 132 148 150 164 164 237 241 096 098 144 146 204 216 284 288 230 232 202 206 273 279 202 202 236 236 145 147 089 089 208 214 118 118 282 290
VolkBxH15 5 144 162 195 199 100 110 139 143 216 236 114 124 165 171 101 101 169 171 110 112 154 166 131 145 096 100 115 147 118 134 102 102 121 132 144 150 158 164 227 241 096 096 132 140 204 212 280 284 236 236 200 202 269 281 200 200 231 236 139 143 089 089 214 214 118 122 282 282
VolkBxH16 5 142 144 195 195 104 108 131 135 228 232 110 110 165 169 101 101 169 185 112 116 166 178 141 143 094 096 119 175 122 130 102 106 121 123 146 154 164 164 237 237 092 092 148 148 210 212 280 280 230 232 200 202 273 275 198 206 231 266 147 151 085 089 214 214 122 124 282 282
VolkBxH17 5 144 144 205 205 108 108 127 141 216 232 116 124 167 171 101 105 175 175 110 112 160 172 139 147 094 104 111 115 126 130 102 102 129 130 144 150 158 164 233 237 096 096 132 146 198 212 280 288 234 236 202 204 271 281 198 202 238 238 139 149 089 089 208 214 128 128 282 287
VolkBxH18 5 144 144 195 197 100 108 131 135 228 232 114 116 169 171 081 095 169 183 112 112 166 166 145 145 094 106 115 175 118 130 102 106 132 134 144 148 164 164 235 237 096 098 130 134 198 204 280 280 234 236 202 202 271 273 202 202 242 243 145 149 085 087 210 214 124 126 282 290
VolkBxH19 5 144 150 205 205 104 112 133 135 224 232 114 114 165 171 101 105 157 163 110 112 160 172 131 139 094 096 111 175 122 126 102 102 132 132 146 148 164 166 237 239 096 098 132 136 214 214 286 286 232 234 196 202 271 281 200 200 240 244 145 145 089 091 208 208 118 134 282 282
VolkBxH20 5 140 164 205 205 094 102 137 137 228 228 112 114 165 171 103 105 173 176 110 112 172 178 131 139 100 104 151 151 122 130 098 098 123 123 142 150 164 164 237 241 096 096 132 142 198 204 280 280 230 234 202 202 267 281 198 202 236 238 143 143 089 089 208 214 122 124 282 286
VolkBxH21 5 150 150 195 197 108 108 133 139 216 220 112 124 165 171 091 105 163 171 110 116 166 166 145 147 096 104 111 115 118 118 102 102 121 132 144 146 156 156 229 237 096 096 132 146 200 208 280 290 234 238 196 202 269 281 198 198 242 244 149 151 089 091 200 214 122 122 272 282
VolkBxH22 5 144 150 195 205 094 102 133 143 216 224 116 124 165 165 101 105 175 176 110 110 160 166 141 151 094 104 151 151 118 126 102 102 132 132 144 148 156 164 237 237 092 098 134 146 204 214 280 284 234 236 202 206 267 271 198 208 245 246 147 149 089 091 208 212 114 124 282 282
VolkBxH23 5 144 162 197 205 094 108 139 139 232 232 110 124 165 169 099 103 163 169 112 114 160 166 143 147 094 106 147 175 118 126 102 110 132 132 150 150 164 166 223 237 096 098 132 146 198 198 280 294 232 234 202 204 267 269 202 206 236 244 143 149 089 089 208 214 118 128 282 290
VolkBxH24 5 144 144 193 195 100 108 127 131 216 228 110 124 165 165 105 105 171 179 110 112 142 172 145 147 096 106 115 175 110 122 102 106 129 132 144 150 164 164 227 237 098 098 132 146 204 212 284 288 230 230 202 202 271 277 198 202 231 248 139 145 085 089 214 214 124 126 282 283
VolkBxH25 5 150 162 195 205 104 104 135 139 224 232 110 124 165 165 099 105 175 176 112 112 148 172 139 141 094 096 115 175 118 126 102 102 132 132 142 144 154 164 227 237 096 096 132 148 204 212 286 290 230 232 190 202 271 273 198 200 243 248 145 151 089 091 200 214 124 128 282 294
VolkBxH26 5 144 150 195 195 094 108 133 133 228 232 114 124 165 169 105 105 179 181 110 116 142 172 139 147 094 094 119 175 118 130 102 106 132 132 148 150 162 164 227 237 092 096 134 148 198 212 280 298 232 234 202 202 271 273 202 202 231 242 145 149 089 089 214 214 122 128 281 282
VolkBxH27 5 142 144 195 195 094 100 135 139 216 224 110 116 165 165 081 105 163 183 110 114 166 172 143 145 096 100 147 151 126 134 098 102 123 132 146 150 164 164 237 237 094 096 132 136 204 210 284 286 232 234 202 202 281 281 198 198 231 248 147 149 089 091 208 210 128 128 282 282
VolkBxH28 5 140 144 193 197 100 108 139 139 220 228 112 124 165 165 103 105 161 171 110 112 166 172 143 147 094 104 115 151 118 134 098 102 132 134 150 150 164 164 237 241 096 098 134 148 200 204 286 290 230 236 200 204 271 273 198 202 238 240 143 143 087 091 200 212 114 122 288 290
VolkBxH29 5 144 150 195 197 102 108 139 143 220 228 112 124 165 171 101 101 167 171 110 116 142 148 143 143 094 096 111 111 126 134 098 102 127 132 144 148 156 158 235 235 094 096 146 150 198 204 280 286 230 230 202 202 271 273 200 208 236 246 147 149 085 089 208 214 122 122 281 282
VolkBxH30 5 144 144 195 195 100 100 133 137 216 232 112 114 165 165 099 105 163 165 110 116 166 172 141 145 094 096 115 119 118 134 102 102 121 123 144 148 164 164 233 237 096 098 134 148 208 214 284 288 232 236 196 202 273 275 198 206 236 248 143 145 089 093 200 214 118 128 281 287
VolkBxH31 5 144 144 205 205 094 108 139 141 228 232 110 114 165 169 095 105 161 169 110 110 160 172 131 139 096 102 111 175 118 126 102 102 129 132 146 150 158 164 227 237 096 096 146 148 208 216 284 286 234 236 198 200 273 281 198 206 238 244 143 149 085 091 214 214 122 128 282 282
VolkBxH32 5 144 144 197 197 102 102 137 139 220 232 110 116 169 171 081 103 175 181 112 114 160 178 145 147 094 104 111 115 118 126 102 102 132 132 146 150 156 164 229 235 092 096 132 134 214 214 284 288 234 236 202 204 275 279 200 202 236 244 145 151 089 093 208 212 118 118 282 282
VolkBxH33 5 140 144 195 197 094 104 139 143 232 236 114 124 165 165 091 099 163 185 112 116 142 166 143 151 094 110 147 151 130 134 102 110 129 132 146 150 164 164 237 239 096 098 124 146 204 204 286 288 232 234 190 202 271 279 198 198 236 240 143 145 089 091 208 208 118 118 276 282
VolkBxH34 5 144 152 195 197 108 110 131 133 216 228 112 124 165 171 091 101 161 171 110 110 166 172 139 143 094 096 175 175 118 118 098 106 131 134 144 150 164 164 239 239 092 096 134 146 198 216 280 280 230 236 202 208 271 273 198 202 242 248 145 149 091 093 208 208 118 128 282 294
VolkBxH35 5 142 164 197 197 102 108 131 133 228 236 110 110 171 171 103 105 164 169 110 112 160 166 141 141 094 098 119 147 122 130 102 106 123 133 148 150 164 166 235 241 096 096 132 132 204 214 286 288 232 236 202 208 269 281 198 200 236 266 143 149 085 085 212 218 122 124 281 282
VolkBxH36 5 142 144 195 205 108 110 133 135 228 228 112 114 171 171 105 107 161 167 112 116 142 172 143 143 100 110 115 119 126 126 102 102 121 132 144 146 160 164 227 237 096 098 132 146 204 216 286 292 232 234 202 202 267 277 200 206 243 244 145 149 089 093 208 212 122 128 282 283
VolkBxH37 5 140 142 195 197 102 104 133 137 216 228 110 114 169 171 101 103 163 175 110 116 148 166 143 143 098 110 115 115 126 134 098 106 123 132 144 150 164 164 237 237 092 098 142 146 198 212 280 284 232 234 202 202 267 277 198 198 236 266 145 147 091 093 208 212 124 128 282 285
VolkBxH38 5 144 154 195 195 104 108 133 133 228 228 110 112 165 171 097 101 169 171 110 112 166 166 145 147 096 104 111 175 094 122 102 102 132 132 144 150 156 164 233 235 092 092 144 148 212 214 284 284 230 232 190 202 277 277 198 198 243 246 145 147 091 093 208 208 124 134 281 282
VolkBxH39 5 142 164 195 205 104 104 141 141 232 232 114 116 165 165 101 109 163 169 110 112 166 166 143 143 098 100 115 151 126 134 106 106 123 132 146 150 164 166 227 237 092 096 134 146 200 212 288 290 230 232 202 202 267 271 202 208 238 250 143 145 085 091 208 208 122 128 281 282
VolkBxH40 5 140 142 195 197 104 112 133 139 228 232 124 124 165 171 099 105 161 169 112 112 160 166 141 143 102 104 115 175 094 134 102 102 130 132 146 146 156 158 237 237 092 098 132 134 198 216 280 292 232 234 200 202 267 271 198 200 238 243 139 149 089 089 208 214 124 128 272 282
VolkBxH41 5 142 164 199 205 100 108 133 137 228 232 110 114 165 171 081 101 167 175 110 116 142 166 143 145 094 096 147 175 126 126 098 102 132 133 144 146 154 156 237 241 096 098 146 148 198 212 284 288 238 238 202 202 273 277 198 198 236 238 143 151 087 089 208 212 116 122 287 294
VolkBxH42 5 140 144 195 195 102 108 133 137 228 232 110 110 167 171 105 109 169 169 110 110 142 160 141 145 096 100 119 175 110 122 098 098 123 129 146 146 160 164 233 233 096 098 146 152 212 214 288 292 234 240 202 206 267 271 196 198 240 248 145 145 085 085 200 208 128 134 272 287
VolkBxH43 5 144 150 195 197 104 108 135 135 228 232 114 124 165 171 099 105 163 175 112 112 142 154 145 145 096 100 115 123 118 126 098 102 132 132 146 150 164 166 235 237 092 096 136 142 212 214 280 290 234 236 200 202 269 273 198 202 236 248 143 145 089 091 214 214 118 128 272 287
VolkBxH44 5 140 144 195 197 094 112 135 135 224 228 110 124 165 171 103 105 167 171 112 112 172 178 141 147 094 104 111 175 118 126 102 102 130 132 146 150 164 168 233 237 096 098 134 134 212 214 284 290 230 234 196 202 279 281 200 204 238 248 145 149 089 091 208 212 118 122 282 282
VolkBxH45 5 144 164 195 195 094 100 131 133 228 232 112 124 165 165 101 105 161 171 110 112 160 166 143 145 094 094 115 119 122 134 102 106 132 132 144 146 164 164 233 237 092 094 132 134 204 212 280 284 236 238 190 204 267 271 200 200 243 252 139 149 089 091 200 214 118 122 281 282
VolkBxH46 5 140 162 195 205 100 104 131 135 224 232 116 124 165 171 101 103 169 175 110 112 154 160 143 145 096 104 115 151 118 122 098 106 132 133 144 146 156 164 223 237 096 096 132 132 200 204 280 288 228 232 202 202 267 267 198 202 236 244 145 145 085 089 208 214 118 128 281 285
VolkBxH47 5 142 150 197 205 094 108 139 139 220 224 116 124 165 171 099 101 163 167 110 112 166 172 139 145 094 096 115 115 118 118 102 102 123 134 144 146 158 166 237 241 096 096 146 148 198 204 284 286 230 234 202 202 269 273 202 202 236 243 145 147 089 089 208 214 114 122 281 282
VolkBxH48 5 144 150 195 205 100 102 137 137 228 228 114 114 163 165 081 097 161 163 112 114 160 166 143 147 094 096 111 147 118 134 098 102 132 132 144 146 160 164 227 235 096 098 132 132 204 212 286 292 232 234 196 202 273 281 198 200 236 248 143 147 089 089 200 212 128 128 282 282
VolkBxH49 5 140 162 205 205 104 110 139 139 228 236 112 114 169 171 081 097 163 171 112 112 172 172 143 143 094 110 115 151 094 126 102 102 123 132 146 154 156 164 227 237 096 096 132 146 206 214 280 290 234 236 196 200 271 273 208 208 236 242 143 151 089 091 208 208 128 128 272 282
VolkBxH50 5 144 144 195 195 094 100 137 141 216 224 110 110 165 171 101 101 173 183 110 112 142 178 139 143 096 102 111 115 118 122 102 102 132 132 148 149 164 164 227 235 094 096 132 148 214 214 280 284 232 234 202 202 267 271 198 198 244 246 143 145 085 093 214 218 116 124 282 282
PesBxH1 6 140 144 195 207 106 108 133 143 232 236 112 114 165 171 101 103 167 188 112 112 160 166 143 147 096 106 151 169 130 130 102 102 123 132 146 148 164 164 235 235 096 098 146 150 212 214 280 288 226 234 202 206 267 269 202 204 236 236 143 149 087 089 208 214 118 122 272 282
PesBxH2 6 144 150 193 195 108 108 133 137 220 224 112 114 161 165 103 103 173 181 112 112 142 160 139 147 096 096 111 111 110 118 102 106 121 132 146 146 158 158 227 235 098 098 132 144 212 214 290 292 234 234 196 206 269 271 202 204 236 240 145 149 085 087 208 210 118 128 272 282
PesBxH3 6 152 154 195 197 100 110 127 131 212 228 114 124 165 171 097 109 161 164 112 112 160 166 143 143 096 096 123 151 110 118 102 106 121 129 148 148 156 162 235 241 096 096 130 134 212 214 288 288 236 238 200 204 269 271 198 206 246 248 145 149 087 093 208 212 122 128 282 282
PesBxH4 6 140 144 195 197 094 108 133 137 236 236 114 114 171 171 097 101 157 169 112 112 160 160 139 143 096 096 111 111 118 130 102 106 132 132 146 146 164 166 235 237 092 098 136 146 212 214 284 288 236 238 204 206 269 271 198 208 236 252 145 147 087 093 210 214 114 128 272 298
PesBxH5 6 140 144 195 197 100 108 133 141 228 228 110 110 165 171 105 109 169 181 112 116 160 166 143 147 094 096 111 111 110 126 102 102 131 132 146 148 164 164 227 235 096 098 132 136 212 214 288 292 230 238 200 202 273 273 206 208 236 248 143 149 085 085 212 214 116 122 283 284
PesBxH6 6 140 154 195 205 100 112 141 141 228 236 110 114 165 171 103 103 163 181 110 112 160 160 145 151 094 096 111 175 118 134 102 102 123 132 146 146 164 164 227 241 092 098 134 146 212 212 288 294 232 238 208 212 269 273 198 206 236 244 147 151 087 091 200 208 118 128 272 282
PesBxH7 6 140 164 195 195 108 108 133 137 228 232 110 114 165 169 103 103 163 169 112 112 166 178 145 145 096 096 111 151 130 134 102 106 123 129 146 146 162 164 223 235 092 092 138 146 208 208 290 292 232 238 200 204 271 273 198 206 244 244 149 149 087 089 200 208 114 122 272 290
PesBxH8 6 140 164 193 195 108 110 131 133 228 228 110 114 171 171 093 105 163 173 112 112 160 160 139 143 096 106 119 151 126 134 102 106 129 138 146 148 156 158 237 239 092 096 148 148 198 208 286 288 230 234 200 208 269 271 198 208 244 246 145 149 089 093 208 216 116 120 282 287
PesBxH9 6 140 144 195 195 094 106 127 127 232 236 114 116 165 171 095 099 161 164 112 116 160 172 143 147 096 096 115 187 130 134 106 106 129 129 146 148 160 164 227 237 092 098 124 130 198 216 288 290 236 236 202 204 269 271 198 200 244 246 145 151 089 089 208 214 118 122 276 276
PesBxH10 6 140 144 195 205 094 108 131 137 224 228 114 124 165 165 097 103 169 169 110 110 148 166 139 143 094 094 111 119 110 130 106 110 123 129 146 150 158 158 227 235 088 098 130 132 212 214 288 292 238 242 206 212 269 269 200 202 236 244 145 149 089 089 208 212 116 126 281 282
PesBxH11 6 144 150 205 205 100 106 133 141 232 232 114 114 161 171 099 105 163 169 110 112 154 166 139 139 096 096 115 119 134 134 102 110 123 129 146 146 158 160 227 233 092 098 124 148 212 214 286 294 236 236 202 202 269 273 198 200 238 240 143 147 087 093 210 214 124 128 282 282
PesBxH12 6 140 144 195 195 108 108 131 133 228 228 110 114 163 171 099 105 169 181 112 114 160 160 139 143 094 096 111 111 118 126 102 106 127 132 144 150 164 164 235 239 096 098 134 140 208 212 288 292 230 236 202 202 273 273 198 206 238 240 149 151 089 093 208 208 114 128 276 282
PesBxH13 6 150 150 195 205 104 108 137 137 224 228 114 114 165 165 097 105 163 177 110 112 160 160 143 145 096 106 119 151 110 130 102 102 129 134 144 146 158 160 227 233 096 098 130 144 208 208 280 284 236 240 196 212 267 269 198 200 236 240 145 149 085 087 200 212 122 124 282 282
PesBxH14 6 140 162 195 195 110 110 137 137 228 232 110 114 165 171 095 097 164 169 112 116 148 178 139 143 096 106 115 115 110 130 102 102 132 132 146 150 158 164 233 241 088 098 132 152 208 214 284 296 232 238 204 206 271 273 198 204 236 242 143 151 085 085 200 208 124 128 272 282
PesBxH15 6 154 162 193 197 108 108 127 133 228 236 110 114 165 165 081 103 168 169 112 112 160 160 143 143 094 096 119 147 126 130 102 102 121 125 146 148 154 156 223 235 096 098 134 136 204 208 284 288 228 238 190 202 269 269 198 198 240 244 149 151 089 093 200 208 118 122 272 286
PesBxH16 6 150 150 205 205 104 108 133 137 224 228 114 114 165 165 099 103 169 188 110 114 160 160 147 147 096 106 115 115 130 134 102 102 129 132 144 148 158 162 227 235 088 092 130 146 206 206 288 288 234 238 202 206 271 271 202 206 244 244 145 151 085 093 214 214 116 128 276 290
PesBxH17 6 144 150 205 205 102 110 127 137 228 236 110 116 165 169 101 103 167 183 112 112 148 166 141 141 094 096 123 187 130 134 102 106 131 132 144 146 164 166 231 235 096 098 130 132 208 208 292 292 232 238 204 206 271 277 198 202 240 244 145 151 087 087 200 208 122 124 272 283
PesBxH18 6 140 152 195 205 102 106 133 133 212 232 114 114 169 171 101 107 164 165 112 112 160 172 143 145 106 110 115 115 118 134 102 106 121 121 146 148 158 164 235 237 092 098 146 150 198 208 280 288 230 232 200 212 271 279 198 208 236 252 143 151 085 087 200 210 116 116 282 283
PesBxH19 6 140 150 193 195 108 108 127 137 224 228 114 116 165 171 101 105 165 185 112 114 160 178 143 145 096 096 111 115 122 130 102 102 131 132 146 149 160 166 235 235 098 100 132 134 212 212 288 288 230 240 202 212 267 269 198 202 244 248 145 149 087 089 212 214 114 128 282 283
PesBxH20 6 140 144 195 197 104 108 131 133 216 236 110 114 161 165 097 103 167 179 112 112 154 166 145 145 096 106 119 119 126 126 102 102 123 132 148 149 156 164 227 235 092 098 130 142 208 212 284 292 232 234 202 204 271 273 202 206 240 243 145 149 087 087 200 210 120 122 276 282
PesBxH21 6 140 150 195 195 102 108 127 137 224 224 114 114 165 169 103 103 161 168 112 112 160 160 139 143 106 110 115 119 110 130 102 102 130 132 146 146 164 174 227 237 092 098 132 146 208 212 286 288 230 238 202 206 273 277 198 202 240 246 143 149 085 093 200 214 118 128 276 282
PesBxH22 6 144 144 193 195 108 110 127 143 228 236 110 114 169 171 099 105 159 169 112 112 160 160 143 143 096 106 119 119 126 130 098 106 127 130 144 146 158 164 235 237 092 092 124 146 198 212 286 286 232 238 206 212 269 273 196 202 240 250 139 149 089 089 200 208 118 128 284 290
PesBxH23 6 144 150 195 195 102 110 127 137 228 236 110 110 161 165 097 099 161 181 110 110 148 160 141 145 106 106 119 151 134 138 102 106 129 134 150 150 156 160 235 241 092 098 134 134 206 212 284 286 234 238 196 212 267 269 200 206 248 252 143 143 085 093 208 214 118 120 281 282
PesBxH24 6 140 164 205 205 108 108 133 137 228 236 114 124 171 171 103 105 176 181 110 112 160 166 139 143 096 104 115 175 118 126 106 106 121 123 142 146 154 166 235 241 088 098 130 132 208 214 284 292 232 238 204 212 271 273 198 208 236 244 149 149 093 093 208 208 124 128 282 282
PesBxH25 6 140 154 195 205 104 108 133 141 220 236 110 114 167 171 097 103 169 169 112 112 160 160 139 139 100 106 115 187 122 134 102 106 129 131 148 148 156 164 237 237 092 096 124 146 204 212 280 288 230 236 202 208 271 273 198 206 242 246 143 151 085 091 200 200 114 134 278 282
PesBxH26 6 154 154 195 195 106 108 137 137 228 232 114 114 161 171 103 105 169 173 112 112 166 172 143 143 096 096 115 123 118 138 102 106 123 132 148 149 158 164 231 237 098 098 146 148 208 212 286 292 230 232 202 212 269 271 198 200 236 236 149 151 089 095 200 208 114 128 276 282
PesBxH27 6 140 162 205 205 100 108 131 133 224 232 114 114 169 169 091 101 165 181 110 112 142 172 139 143 106 110 111 111 118 130 106 106 129 132 144 148 160 164 235 237 096 098 130 138 208 214 280 288 230 236 202 212 267 273 202 206 236 240 143 143 085 091 208 212 120 128 290 298
PesBxH28 6 140 150 195 205 104 108 135 141 212 236 110 114 165 171 103 103 164 176 110 112 160 172 139 145 096 106 119 171 118 126 102 102 123 125 148 150 158 164 227 227 088 096 136 152 208 214 288 288 232 242 202 206 275 279 206 208 236 248 147 149 093 095 208 214 114 122 276 283
PesBxH29 6 140 150 197 205 108 108 133 133 228 236 110 114 165 171 103 109 165 181 112 114 160 160 143 145 096 110 111 111 114 126 102 102 123 129 146 148 158 164 235 235 092 098 132 146 204 212 288 288 238 240 202 206 269 271 198 198 238 240 149 151 087 089 200 208 124 128 276 285
PesBxH30 6 150 164 193 205 108 108 133 137 228 228 110 114 165 171 097 101 169 181 112 112 166 166 139 141 094 110 111 151 130 130 102 106 123 132 144 146 164 164 233 237 092 098 138 140 198 212 284 292 228 236 202 204 271 273 204 208 238 252 143 149 089 093 208 214 118 122 272 290
PesBxH31 6 144 154 193 197 108 108 127 135 212 228 114 114 171 171 095 101 163 173 110 112 160 166 131 139 096 106 169 187 126 130 102 102 123 132 146 149 162 166 233 241 098 098 130 142 206 212 284 288 236 238 202 208 269 281 198 202 236 244 149 149 091 093 200 216 122 128 282 282
PesBxH32 6 140 144 195 195 100 108 127 139 232 236 114 114 165 169 103 107 161 181 110 112 160 172 131 143 098 106 111 175 118 126 102 102 123 132 142 150 160 164 235 235 096 098 136 152 204 206 286 292 236 238 202 208 271 281 204 208 236 240 145 149 087 093 200 208 122 128 286 294
PesBxH33 6 140 140 195 205 108 108 137 137 216 232 110 114 169 171 099 103 164 169 110 112 160 166 141 143 098 104 119 187 130 134 102 102 121 133 146 146 160 164 235 235 088 096 132 136 212 214 288 288 230 240 202 204 269 269 198 200 236 236 145 145 089 089 200 208 124 134 282 294
PesBxH34 6 140 150 195 195 108 110 137 139 212 232 110 114 165 171 081 103 179 185 110 110 142 160 143 143 104 106 123 175 118 134 098 102 129 132 148 148 158 164 233 233 092 096 146 146 212 212 284 288 236 238 206 212 269 269 198 206 244 246 143 151 085 089 208 214 122 128 280 283
PesBxH35 6 140 152 195 195 108 112 127 131 232 236 110 114 165 169 103 105 179 188 110 112 148 160 139 145 104 106 111 119 130 130 102 102 132 134 144 146 158 166 223 237 096 098 130 132 212 212 284 288 232 234 206 206 271 273 200 200 240 240 143 143 085 093 210 212 116 128 280 285
PesBxH36 6 144 152 195 197 108 112 133 143 212 228 114 116 165 171 099 105 164 185 110 112 160 166 139 143 096 100 115 119 122 126 102 102 129 129 144 146 164 166 229 233 096 098 140 144 208 214 284 286 232 236 204 212 269 271 198 198 238 246 149 149 087 089 200 212 118 122 282 283
PesBxH37 6 140 140 195 195 102 108 137 137 216 228 114 116 171 171 103 103 165 169 112 112 142 166 143 145 106 106 115 187 130 130 098 102 132 132 146 146 158 164 233 235 096 098 132 136 206 208 288 288 234 238 202 212 271 275 198 198 236 236 145 149 087 089 208 208 114 128 276 282
PesBxH38 6 140 154 193 195 094 110 139 139 232 236 116 124 169 171 101 107 169 181 112 114 160 166 145 145 096 104 111 175 118 130 102 106 123 129 142 146 160 166 229 235 092 098 138 138 204 208 288 292 232 238 204 208 271 273 198 206 236 244 143 143 087 089 200 210 122 128 278 282
PesBxH39 6 150 152 195 197 108 108 137 147 212 216 110 112 165 171 097 103 175 185 112 112 160 160 139 145 096 104 115 151 118 134 102 102 129 131 148 149 158 166 227 227 096 096 132 134 198 208 288 292 234 238 202 212 269 269 198 200 238 244 143 151 091 095 208 208 116 118 282 282
PesBxH40 6 140 144 195 205 108 108 127 137 224 232 112 114 161 165 103 105 165 183 112 112 148 154 141 145 096 096 119 175 134 134 102 102 129 132 144 148 158 158 227 241 092 098 148 152 204 216 286 290 230 238 202 206 269 271 200 204 236 248 143 149 087 087 200 208 118 128 282 290
PesBxH41 6 140 164 205 209 094 106 137 143 212 232 114 116 165 165 101 105 167 181 112 112 142 160 139 139 098 106 115 115 126 126 098 102 129 132 144 146 158 164 237 237 092 096 138 138 206 214 280 288 234 238 202 204 269 273 200 206 243 244 143 145 093 093 200 208 116 120 282 286
PesBxH42 6 150 150 195 197 108 108 127 137 228 236 112 114 165 171 099 103 177 185 112 114 160 166 139 139 096 096 115 115 126 130 102 106 129 132 146 148 158 164 227 229 092 096 146 146 212 214 288 292 234 236 202 202 273 281 204 206 236 244 145 149 085 091 208 208 116 128 282 290
PesBxH43 6 140 150 195 195 102 108 137 143 228 236 110 114 169 171 103 105 168 169 112 116 160 166 139 143 096 106 115 175 122 134 098 106 129 132 146 146 158 164 235 235 096 098 134 146 206 216 280 288 232 234 202 204 269 281 198 200 236 248 143 145 089 093 208 214 118 124 276 282
PesBxH44 6 140 144 193 193 106 108 123 133 228 236 110 114 165 169 099 107 164 176 110 116 172 172 139 143 104 106 111 151 126 130 106 110 123 129 146 150 154 160 233 233 092 098 130 138 212 212 288 292 236 240 186 202 271 273 198 200 238 244 145 149 091 093 208 208 116 122 280 290
PesBxH45 6 140 144 195 195 102 108 133 135 228 232 110 114 165 171 099 105 161 165 110 112 160 160 143 145 096 096 111 115 130 130 102 106 129 132 144 146 164 164 233 237 096 098 136 146 208 212 284 286 232 234 202 202 269 281 198 202 231 238 143 143 085 085 214 214 116 128 282 282
PesBxH46 6 154 154 195 205 108 112 131 137 228 236 112 114 163 165 103 105 173 181 112 112 160 166 139 139 094 102 119 175 130 130 098 102 131 133 146 148 158 166 227 237 092 098 132 132 208 214 288 288 236 238 202 212 269 269 202 204 231 236 147 149 085 093 210 212 118 122 272 281
PesBxH47 6 150 152 195 195 100 110 133 139 212 228 114 114 171 171 103 107 151 163 112 112 148 178 139 139 094 102 115 119 134 134 098 102 129 129 146 148 158 160 237 241 096 100 132 146 212 214 284 288 232 232 206 212 269 269 206 206 240 244 145 151 087 089 208 214 116 122 282 283
PesBxH48 6 140 150 195 195 108 110 133 137 220 232 114 116 169 171 097 103 163 165 112 112 148 160 139 145 096 096 111 151 130 134 102 102 129 132 144 150 162 164 227 235 092 098 134 136 206 208 288 298 234 242 200 202 267 277 204 206 236 240 143 149 085 089 208 212 114 134 272 282
PesBxH49 6 140 150 195 195 110 110 127 137 228 228 112 114 165 169 099 103 165 165 110 112 160 166 139 147 096 106 123 183 122 126 102 102 131 131 150 150 158 160 227 237 092 092 136 146 208 212 288 292 236 240 202 206 269 273 206 206 242 250 145 145 085 093 200 214 114 124 272 282
PesBxH50 6 140 144 193 197 102 108 135 137 232 236 114 114 171 171 105 107 177 181 112 112 148 160 143 143 094 096 151 175 118 126 102 102 127 131 146 146 160 162 227 233 096 096 146 148 204 208 288 288 238 238 200 212 271 273 198 206 236 244 149 149 089 089 214 214 114 118 282 294
